00000000000000000001000000000000
00000000000001111111111000000000
00000000000011111111111111110000
00000000000111111111111111100000
00000000001111111111111111100000
00000000001111111100000000000000
00000000001111110000000000000000
00000000011111000000000000000000
00000000111110001111111000000000
00000000111110111111111100000000
00000000111111111111111110000000
00000000111111111111111110000000
00000001111111111111111110000000
00000011111111110000011110000000
00000001111110000000011111000000
00000001111110000000001111000000
00000001100000000000001111000000
00000000000000000000001110000000
00000000000000000000011110000000
00000000000000000000011100000000
00000000000000000000011100000000
00000000000000000001111000000000
00000000000000000011110000000000
00000000000000000011110000000000
00000000000000000111110000000000
00000000000010001111100000000000
00000000000011011111000000000000
00000000000011111111000000000000
00000000000011111110000000000000
00000000000011111100000000000000
00000000000111110000000000000000
00000000000001000000000000000000
 
00000000000110000000000000000000
00000000001110000000000000000000
00000000001111111111111000000000
00000000011111111111111111000000
00000000011111111111111111000000
00000000111111111111111111000000
00000000111111111111111100000000
00000001111111000000000000000000
00000001111000000000000000000000
00000011111111110000000000000000
00000011111111111100000000000000
00000011111111111110000000000000
00000011111111111111100000000000
00000011111111111111110000000000
00000001111111111111110000000000
00000000110000000111110000000000
00000000000000000001111000000000
00000000000000000001111100000000
00000000000000000000111000000000
00000000000000000000111000000000
00000000000000000001111000000000
00000000000000000001111000000000
00000000000000000001111000000000
00000000000000000001111000000000
00000000000000000111110000000000
00000000001000000111110000000000
00000000011110111111100000000000
00000000001111111111000000000000
00000000001111111111000000000000
00000000001111111110000000000000
00000000000001111000000000000000
00000000000000110000000000000000
 
00000000000110000000000000000000
00000000000111100000000000000000
00000000001111111100000000000000
00000000011111111111110000000000
00000000111111111111111100000000
00000000111111111111111100000000
00000000111111111111111110000000
00000000111111111000001100000000
00000001111111000000000000000000
00000011111110000000000000000000
00000111111111111000000000000000
00000111111111111100000000000000
00000111111111111111000000000000
00000011111111111111100000000000
00000011111111111111100000000000
00000001111111111111110000000000
00000001110000000011111000000000
00000000000000000011111000000000
00000000000000000001111000000000
00000000000000000001111000000000
00000000000000000001111100000000
00000000000000000001111000000000
00000000000000000011111000000000
00000000000000000111110000000000
00000000000000001111110000000000
00000000001100011111110000000000
00000000001111111111100000000000
00000000001111111111100000000000
00000000001111111111000000000000
00000000001111111110000000000000
00000000000111111000000000000000
00000000000011111000000000000000
 
00000000000000000001110000000000
00000000000001111111111110000000
00000000000111111111111111100000
00000000001111111111111111000000
00000000011111111110000000000000
00000000011111100000000000000000
00000000011110000000000000000000
00000000011110000000000000000000
00000000111100000000000000000000
00000000111100000000000000000000
00000001111000000000000000000000
00000001111000000000000000000000
00000011110000000000000000000000
00000011110000001111111100000000
00000011110000111111111100000000
00000011111111111111111111000000
00000011111111111111111111000000
00000011111111111100111111000000
00000011111111100000011111000000
00000001111111000000011111000000
00000000000000000000011110000000
00000000000000000000111100000000
00000000000000000000111100000000
00000000000000000001111000000000
00000000000000000011110000000000
00000000000000000011110000000000
00000000000000000111110000000000
00000000000111111111000000000000
00000000000111111111000000000000
00000000000111111111000000000000
00000000000111111100000000000000
00000000000000100000000000000000
 
00000000001111111111111100000000
00000000001111111111111111000000
00000000011111111111111111000000
00000000011111111111111100000000
00000000011111111000100000000000
00000000111111110000000000000000
00000001111100000000000000000000
00000001111000000000000000000000
00000001111000000000000000000000
00000011111111111111100000000000
00000011111111111111110000000000
00000011111111111111111100000000
00000011111111111111111100000000
00000001111111100001111111000000
00000000100000000000111111000000
00000000000000000000111111000000
00000000000000000000001111000000
00000000000000000000000111000000
00000000000000000000000111000000
00000000000000000000000111000000
00000000000000000000001111000000
00000000000000000000011111000000
00000000000000000000111111000000
00000000000000000000111110000000
00000000011000000011111100000000
00000000011000000111111100000000
00000000111000001111111000000000
00000000111111111111100000000000
00000000111111111111000000000000
00000000011111111110000000000000
00000000001111111100000000000000
00000000000010000000000000000000
 
00000000001110011111111100000000
00000001111111111111111110000000
00000001111111111111111111000000
00000011111111111111111110000000
00000011111111111111111100000000
00000001111111111000000000000000
00000001111111000000000000000000
00000001111110000000000000000000
00000001111110000000000000000000
00000001111110000000000000000000
00000001111110000000000000000000
00000001111110000000000000000000
00000001111111111111100000000000
00000001111111111111110000000000
00000011111111111111111100000000
00000011111111111111111100000000
00000011111111111111111110000000
00000011111111000001111110000000
00000000011100000001111110000000
00000000000000000001111110000000
00000000000000000001111110000000
00000000000000000001111110000000
00000000000000000001111110000000
00000000000000000001111110000000
00000000000000000111111100000000
00000000000000001111111000000000
00000000000001111111111000000000
00000000000111111111110000000000
00000001111111111110000000000000
00000001111111111100000000000000
00000001111111100000000000000000
00000001111110000000000000000000
 
00000000000000101000000000000000
00000000011111111111111111000000
00000000111111111111111111000000
00000001111111111111111111100000
00000001111111111111111111100000
00000001111110000000111111100000
00000000111110000000001111100000
00000000111100000000000000000000
00000000111110000000000000000000
00000000111110000000000000000000
00000001111100000000000000000000
00000001111100000000000000000000
00000001111111111111000000000000
00000001111111111111100000000000
00000001111111111111100000000000
00000001111111111111110000000000
00000001111111111111111000000000
00000000111110000001111000000000
00000000011000000001111000000000
00000000000000000001111000000000
00000000000000000001111000000000
00000000000000000001111000000000
00000000000000000001111000000000
00000000000000000011110000000000
00000000000000000111100000000000
00000000000000000111100000000000
00000000000000111111100000000000
00000000001001111111000000000000
00000000111111111111000000000000
00000000111111111100000000000000
00000000111111111000000000000000
00000000011111000000000000000000
 
00000000000000000000001110000000
00000000011111000000111111000000
00000000111111111111111111100000
00000000111111111111111111110000
00000001111111111111111111100000
00000000111111111111111111100000
00000000111111111111111110000000
00000000111111000000000000000000
00000000111111000000000000000000
00000000111111000000000000000000
00000000111111000000000000000000
00000000111111000000000000000000
00000011111111110000000000000000
00000001111111111100000000000000
00000001111111111111000000000000
00000001111111111111110000000000
00000001111111111111111000000000
00000001111111111111111100000000
00000000000000000011111100000000
00000000000000000011111110000000
00000000000000000000111110000000
00000000000000000001111110000000
00000000000000000001111110000000
00000000000000000111111100000000
00000000000000001111111100000000
00000000000000011111111000000000
00000000001111111111110000000000
00000000011111111111100000000000
00000000111111111110000000000000
00000001111111111000000000000000
00000001111111110000000000000000
00000000000000000000000000000000
 
00000000001100000000001000000000
00000000011111100111111111000000
00000000111111111111111111000000
00000001111111111111111110000000
00000011111111111111111110000000
00000011111111111111111100000000
00000011111110000000000000000000
00000011111100000000000000000000
00000001111100000000000000000000
00000001111100000000000000000000
00000001111100000000000000000000
00000001111100000000000000000000
00000001111111111100000000000000
00000001111111111111000000000000
00000001111111111111110000000000
00000001111111111111111100000000
00000001111111111111111100000000
00000001111111111111111110000000
00000000111000000001111110000000
00000000000000000000111111000000
00000000000000000000011111000000
00000000000000000000011111000000
00000000000000000000011111000000
00000000000000000000011111000000
00000000000000000000011111000000
00000000000000000000111111000000
00000000000000011111111110000000
00000000000111111111111110000000
00000000011111111111111100000000
00000000111111111111110000000000
00000001111111111111000000000000
00000001111000000000000000000000
 
00000000000000000000000001000000
00000000000000000000000111000000
00000000011001111111111111100000
00000000111111111111111111100000
00000001111111111111111111000000
00000001111111111111111110000000
00000011111111111111111100000000
00000001111111110011100000000000
00000001110000000000000000000000
00000001110000000000000000000000
00000001110001111000000000000000
00000011111111111100000000000000
00000011111111111100000000000000
00000001111111111110000000000000
00000001111111111111000000000000
00000001111111111111000000000000
00000000000000000111000000000000
00000000000000000111000000000000
00000000000000000111000000000000
00000000000000000111100000000000
00000000000000000111100000000000
00000000000000000111000000000000
00000000000000000111000000000000
00000000000000001111000000000000
00000000000000011111000000000000
00000000011000111110000000000000
00000000011111111110000000000000
00000000011111111100000000000000
00000000011111111100000000000000
00000000111111110000000000000000
00000000011111100000000000000000
00000000000000000000000000000000
 
00000000000111100000000000000000
00000000000111111110000000000000
00000000001111111111000000000000
00000000011111111111000000000000
00000010011111111111100000000000
00000011101111111111111000000000
00000111100111111111111100000000
00000111110010010111111100000000
00000011111000000000011110000000
00000011111000000000000100000000
00000111110000000000000000000000
00000011111100000000000000000000
00000011111111000000000000000000
00000011111111111100000000000000
00000011111111111110000000000000
00000001111111111111000000000000
00000000111111111111100000000000
00000000011111111111100000000000
00000000000011111111110000000000
00000000000000011111110000000000
00000000000000000111110000000000
00000000000000000111110000000000
00000000000000000111111000000000
00000000000000000111110000000000
00000000000000001111110000000000
00000000011110011111111000000000
00000000111111111111110000000000
00000000111111111111100000000000
00000000001111111111110000000000
00000000001111111111100000000000
00000000000111111111000000000000
00000000000011111100000000000000
 
00000000000111111110000000000000
00000000011111111111110000000000
00000000111111111111111000000000
00000011111111111111111000000000
00000111111111111111111000000000
00000111111111111111111110000000
00000111111111100000011110000000
00001111111111000000001100000000
00001111111110000000000000000000
00001111111000000000000000000000
00001111111000000000000000000000
00001111111000000000000000000000
00000111111111000000000000000000
00000111111111100000000000000000
00000011111111111100000000000000
00000001111111111110000000000000
00000001111111111110000000000000
00000000111111111110000000000000
00000000011111111111000000000000
00000000000000011111110000000000
00000000000000001111110000000000
00000000000000001111110000000000
00000000000000001111110000000000
00000000000000001111110000000000
00000000000000011111110000000000
00000000000000111111100000000000
00000000000011111111100000000000
00000000011111111111100000000000
00000000011111111111100000000000
00000000111111111110000000000000
00000000111111111100000000000000
00000000011111111000000000000000
 
00000000001110000000000000000000
00000000011111111111111100000000
00000000111111111111111110000000
00000000111111111111111110000000
00000000111111111111111110000000
00000000111111111111111110000000
00000000011111111111111110000000
00000000011111111111110000000000
00000000011111111000000000000000
00000000011111111000000000000000
00000000001111111000000000000000
00000000001111111100000000000000
00000000000111111100000000000000
00000000000001111111000000000000
00000000000000111111000000000000
00000000000000011111100000000000
00000000000000011111100000000000
00000000000000011111100000000000
00000000000000001111100000000000
00000000000000001111100000000000
00000000000000000111110000000000
00000000000000000111110000000000
00000000000000000111110000000000
00000000000000000111110000000000
00000000000000000111110000000000
00000000000000001111100000000000
00000000000000111111100000000000
00000000111111111111100000000000
00000001111111111111100000000000
00000000111111111111000000000000
00000000111111111111000000000000
00000000011111111110000000000000
 
00000000000001111000000000000000
00000000001111111111000000000000
00000000111111111111100000000000
00000000011111111111111110000000
00000000111111111111111110000000
00000000111111111111111110000000
00000001111111110001111110000000
00000001111110000000000000000000
00000011111100000000000000000000
00000011111000000000000000000000
00000011111000000000000000000000
00000011110000000000000000000000
00000001111111100000000000000000
00000001111111111000000000000000
00000000111111111100000000000000
00000000111111111110000000000000
00000000000111111111000000000000
00000000000001111111100000000000
00000000000000011111100000000000
00000000000000000111100000000000
00000000000000000111110000000000
00000000000000000001111000000000
00000000000000000001111000000000
00000000000000000001111000000000
00000000000000000011111000000000
00000000000000000011111000000000
00000000100000111111110000000000
00000000111111111111110000000000
00000001111111111111100000000000
00000000111111111111000000000000
00000000001111111010000000000000
00000000000010000000000000000000
 
00000000001111111100000000000000
00000000011111111111100000000000
00000000111111111111110000000000
00000000111111111111111000000000
00000001111111111111111100000000
00000001111111111111111110000000
00000001111111111111111110000000
00000000111111000000011100000000
00000001111100000000000000000000
00000011111100000000000000000000
00000011111110000000000000000000
00000011111110000000000000000000
00000111111100000000000000000000
00000111111111000000000000000000
00000111111111111100000000000000
00000111111111111111000000000000
00000011111111111111100000000000
00000011111111111111100000000000
00000011111111111111100000000000
00000000111111111111111000000000
00000000000000011111111000000000
00000000000000000111111000000000
00000000000000000011111000000000
00000000000000000001111100000000
00000000000000000011111100000000
00000000000000000111111100000000
00000000000000011111111000000000
00000000001001111111111000000000
00000000011111111111111100000000
00000000111111111111111000000000
00000000011111111111110000000000
00000000001111111111100000000000
 
00000000011000011111100000000000
00000000111111111111111000000000
00000000111111111111111100000000
00000001111111111111111110000000
00000011111111111111111110000000
00000011111111110111111100000000
00000011111111100000000000000000
00000111111111000000000000000000
00000111111110000000000000000000
00000111111111000000000000000000
00000011111111111110000000000000
00000011111111111111000000000000
00000001111111111111100000000000
00000000111111111111100000000000
00000000111111111111110000000000
00000000010011111111110000000000
00000000000000000011111000000000
00000000000000000001111000000000
00000000000000000001111000000000
00000000000000000001111000000000
00000000000000000001111000000000
00000000000000000001111000000000
00000000000000000011110000000000
00000000000000000001111000000000
00000000000000000111111000000000
00000000000000001111111000000000
00000000000000111111110000000000
00000000000111111111100000000000
00000000111111111111100000000000
00000000111111111110000000000000
00000000011111111000000000000000
00000000001111100000000000000000
 
00000000000001111111100000000000
00000000000001111111110000000000
00000000000111111111111100000000
00000000000111111111111100000000
00000000001111111111111110000000
00000000001111111111111110000000
00000000011111111111110000000000
00000000111111100000000000000000
00000000111110000000000000000000
00000000011110000000000000000000
00000000111110000000000000000000
00000001111100000000000000000000
00000000111110000000000000000000
00000000111110000000000000000000
00000000111110000000000000000000
00000001111111000000000000000000
00000000111111111000000000000000
00000000011111111000000000000000
00000000011111111100000000000000
00000000001111111110000000000000
00000000000011111111000000000000
00000000000000111111110000000000
00000000000000111111110000000000
00000000000000011111111000000000
00000000000000001111111000000000
00000000000011000111111000000000
00000000001111111111111000000000
00000000000111111111111000000000
00000000000111111111111000000000
00000000000111111111111000000000
00000000000111111111100000000000
00000000000011111110000000000000
 
00000000000000000000111100000000
00000000000000000111111110000000
00000000001111111111111111100000
00000001111111111111111111000000
00000001111111111111111111000000
00000001111111111111111111000000
00000001111111111111100000000000
00000011111111110000000000000000
00000011111110000000000000000000
00000011111000000000000000000000
00000011111000000000000000000000
00000011111000000000000000000000
00000011111110000000000000000000
00000011111111000000000000000000
00000001111111110000000000000000
00000001111111111111000000000000
00000000111111111111100000000000
00000000011111111111111000000000
00000000000001111111111000000000
00000000000000011111111000000000
00000000000000000111111000000000
00000000000000000011111000000000
00000000000000000001111000000000
00000000000000000001111000000000
00000000000000000011111000000000
00000000000000001111111000000000
00000000000000011111111000000000
00000000000111111111110000000000
00000000001111111111100000000000
00000000001111111111000000000000
00000000011111111000000000000000
00000000001111100000000000000000
 
00000000000000000000000000000000
00000000000111111111110000000000
00000000011111111111111110000000
00000000011111111111111110000000
00000000111111111111111110000000
00000000111111111111111111000000
00000000111111111111111111100000
00000001111111100000011111100000
00000000111110000000000111000000
00000000111110000000000000000000
00000000111111000000000000000000
00000000111111100000000000000000
00000000111111110000000000000000
00000000011111111100000000000000
00000000001111111111000000000000
00000000001111111111100000000000
00000000000000111111110000000000
00000000000000011111111000000000
00000000000000000111111100000000
00000000000000000111111110000000
00000000000000000000111110000000
00000000000000000001111100000000
00000000000000000001111100000000
00000000000000000001111100000000
00000000000000000111111100000000
00000000011000001111111100000000
00000000011101111111111000000000
00000000011111111111100000000000
00000000011111111111000000000000
00000000111111111100000000000000
00000000111111110000000000000000
00000000000000000000000000000000
 
00000000000000000110000000000000
00000000000011111111110000000000
00000000001111111111111100000000
00000000111111111111111100000000
00000000111111111111111100000000
00000001111111111111111100000000
00000001111111111010111100000000
00000011111110000000001000000000
00000011111000000000000000000000
00000011110000000000000000000000
00000011110000000000000000000000
00000011110000000000000000000000
00000011110000000000000000000000
00000011111110100000000000000000
00000001111111111110000000000000
00000001111111111111000000000000
00000000111111111111100000000000
00000000111111111111110000000000
00000000000000011111111100000000
00000000000000000111111100000000
00000000000000000001111110000000
00000000000000000000111111000000
00000000000000000000011111000000
00000000000000000000011111000000
00000000000000000000011111000000
00000000000000000000111111000000
00000000001111111111111110000000
00000000001111111111111100000000
00000000001111111111111100000000
00000000001111111111110000000000
00000000000111111110000000000000
00000000000011111000000000000000
 
00000000000000000010000000000000
00000000000000001111110000000000
00000000000011111111111110000000
00000000000111111111111110000000
00000000000111111111111110000000
00000000011111111111111110000000
00000000011111111111111110000000
00000000111111111000001000000000
00000001111100000000000000000000
00000001111100000000000000000000
00000001111100000000000000000000
00000001111000000000000000000000
00000001111000000000000000000000
00000001111110000000000000000000
00000001111111000000000000000000
00000000111111111000000000000000
00000000111111111110000000000000
00000000011111111111000000000000
00000000000111111111111000000000
00000000000001111111111100000000
00000000000000111111111100000000
00000000000000000111111100000000
00000000000000000011111110000000
00000000000000000001111110000000
00000000000000000000111110000000
00000000000010000001111110000000
00000000000011000111111110000000
00000000001111111111111110000000
00000000000111111111111000000000
00000000000011111111111000000000
00000000000111111111100000000000
00000000000001110000000000000000
 
00000000000000111111111100000000
00000000000001111111111111000000
00000000000011111111111111100000
00000000000111111111111111110000
00000000001111111111111111110000
00000000011111111111111111110000
00000000111111111111111111100000
00000000111111000000000000000000
00000001111111000000000000000000
00000011111111000000000000000000
00000111111110000000000000000000
00000111111100000000000000000000
00000111111100000000000000000000
00000011111100000000000000000000
00000011111111000000000000000000
00000011111111111100000000000000
00000011111111111110000000000000
00000001111111111111000000000000
00000000111111111111100000000000
00000000011111111111110000000000
00000000001111111111110000000000
00000000000000111111111000000000
00000000000001101111111000000000
00000000000111101111110000000000
00000000000111111111110000000000
00000000000111111111110000000000
00000000000111111111110000000000
00000000000111111111100000000000
00000000000011111111100000000000
00000000000011111111100000000000
00000000000011111111000000000000
00000000000001111110000000000000
 
00000000000000111111111111000000
00000000000011111111111111100000
00000000000111111111111111110000
00000000001111111111111111100000
00000000011111111111111111100000
00000000111111111111111111000000
00000001111111111100000010000000
00000001111111111000000000000000
00000011111110000000000000000000
00000011111100000000000000000000
00000011111100000000000000000000
00000111111111100000000000000000
00000111111111111100000000000000
00000111111111111111000000000000
00000011111111111111100000000000
00000001111111111111110000000000
00000000111111111111111000000000
00000000011111111111111000000000
00000000001100011111111100000000
00000000000000000011111100000000
00000000000000000001111100000000
00000000000000000001111100000000
00000000000000000001111100000000
00000000000000000011111100000000
00000000000000000111111000000000
00000000000000000111111000000000
00000000000000011111111000000000
00000000000001111111111000000000
00000000000011111111110000000000
00000000000111111111100000000000
00000000000111111110000000000000
00000000000011111100000000000000
 
00000000000000000111000000000000
00000000000000000111110000000000
00000000000011111111111000000000
00000000000111111111111000000000
00000000111111111111111000000000
00000001111111111111110000000000
00000111111111111100000000000000
00000111111111100000000000000000
00001111111111000000000000000000
00001111100000000000000000000000
00000111110000000000000000000000
00000111111000000000000000000000
00000011111100000000000000000000
00000011111110000000000000000000
00000000011111100000000000000000
00000000011111110000000000000000
00000000000111111100000000000000
00000000000111111100000000000000
00000000000001111110000000000000
00000000000000111111000000000000
00000000000000011111100000000000
00000000000000001111100000000000
00000000000000000111110000000000
00000000000000000001111000000000
00000000000011000001111100000000
00000000000011100001111100000000
00000000000111111111111100000000
00000000000111111111111100000000
00000000000011111111111110000000
00000000000011111111111100000000
00000000000011111111111000000000
00000000000000010000000000000000
 
00000000000000000100011111000000
00000000000000111111111111000000
00000000111111111111111111000000
00000011111111111111111111000000
00000001111111111111111111000000
00000000111111111111111000000000
00000000111111111100000000000000
00000000111111100000000000000000
00000000111111000000000000000000
00000000011111110000000000000000
00000000001111111000000000000000
00000000000111111000000000000000
00000000000011111100000000000000
00000000000011111110000000000000
00000000000000111110000000000000
00000000000000111111000000000000
00000000000000001111100000000000
00000000000000000111110000000000
00000000000000000111111000000000
00000000000000000001111100000000
00000000000000000001111100000000
00000000000000000000111110000000
00000000000000000000011110000000
00000000000000000000011110000000
00000000000000000000011110000000
00000000000000000001111110000000
00000000000000000011111110000000
00000000000000111111111100000000
00000000000011111111111000000000
00000000111111111111100000000000
00000000111111111100000000000000
00000000111111110000000000000000
 
00000000000011111111111111000000
00000000000111111111111111000000
00000000001111111111111111000000
00000001111111111111111111000000
00000011111111111111111111000000
00000011111111111111111110000000
00000111111111111111110000000000
00000111111111000000000000000000
00001111111000000000000000000000
00001111111000000000000000000000
00000011111100000000000000000000
00000011111110000000000000000000
00000001111111000000000000000000
00000001111111100000000000000000
00000000111111110000000000000000
00000000011111111000000000000000
00000000000111111100000000000000
00000000000111111100000000000000
00000000000011111110000000000000
00000000000011111111000000000000
00000000000001111111100000000000
00000000000000011111100000000000
00000000000000011111110000000000
00000000000100000111111000000000
00000000001110000111111100000000
00000000001110000011111100000000
00000000011111111111111100000000
00000000111111111111111110000000
00000000011111111111111100000000
00000000001111111111111000000000
00000000001111111111110000000000
00000000000111111111100000000000
 
00000000000000000111111110000000
00000000001111111111111111000000
00000000011111111111111111000000
00000001111111111111111111000000
00000011111111111111111111000000
00000011111111111111111110000000
00000111111111111111111000000000
00000111111111100000000000000000
00001111111111000000000000000000
00001111111100000000000000000000
00000111111100000000000000000000
00000011111100000000000000000000
00000011111111000000000000000000
00000011111111100000000000000000
00000001111111110000000000000000
00000000111111111100000000000000
00000000011111111110000000000000
00000000000111111111000000000000
00000000000011111111000000000000
00000000000001111111100000000000
00000000000000111111110000000000
00000000000000011111110000000000
00000000000000001111110000000000
00000000001110000111111000000000
00000000011111001111111000000000
00000000111111111111111000000000
00000000111111111111111000000000
00000000011111111111110000000000
00000000011111111111100000000000
00000000011111111111000000000000
00000000011111111110000000000000
00000000001111111000000000000000
 
00000000000000000011100000000000
00000000000000111111100000000000
00000000001111111111100000000000
00000000011111111111111000000000
00000011111111111111111000000000
00001111111111111111000000000000
00001111111111111100000000000000
00000111111111100000000000000000
00001111111000000000000000000000
00001111110000000000000000000000
00001111100000000000000000000000
00000111110000000000000000000000
00000111110000000000000000000000
00000011110000000000000000000000
00000011111000000000000000000000
00000001111110000000000000000000
00000000011111000000000000000000
00000000011111100000000000000000
00000000000111111000000000000000
00000000000011111100000000000000
00000000000001111110000000000000
00000000000000111111000000000000
00000000000000000111110000000000
00000000000000000111111000000000
00000000000000000111111000000000
00000000001110000011111000000000
00000000001111101111111100000000
00000000001111111111111110000000
00000000001111111111111100000000
00000000001111111111111100000000
00000000000011111111111000000000
00000000000000000100000000000000
 
00000000000011111111100000000000
00000000000111111111110000000000
00000000001111111111110000000000
00000000001111111111111000000000
00000000011111111111111000000000
00000000011111111111111000000000
00000000001111111111111000000000
00000000001111111111110000000000
00000000011111111000000000000000
00000000011111110000000000000000
00000000011111000000000000000000
00000000011111100000000000000000
00000000001111110000000000000000
00000000001111110000000000000000
00000000000111110000000000000000
00000000000011111000000000000000
00000000000011111000000000000000
00000000000011111000000000000000
00000000000001111100000000000000
00000000000001111100000000000000
00000000000001111100000000000000
00000000000000111110000000000000
00000000011000111110000000000000
00000000111101111110000000000000
00000000111111111111000000000000
00000000111111111111000000000000
00000000111111111111000000000000
00000000011111111111000000000000
00000000011111111111000000000000
00000000001111111110000000000000
00000000000011111111000000000000
00000000000001111110000000000000
 
00000000000000111111111100000000
00000000000111111111111110000000
00000000111111111111111110000000
00000001111111111111111110000000
00000001111111111111111110000000
00000001111111111111111110000000
00000000111111111111111110000000
00000000111111111110000000000000
00000000011111111000000000000000
00000000011111110000000000000000
00000000001111110000000000000000
00000000001111110000000000000000
00000000000111110000000000000000
00000000000011111100000000000000
00000000000011111100000000000000
00000000000001111110000000000000
00000000000001111110000000000000
00000000000001111110000000000000
00000000000001111110000000000000
00000000000001111110000000000000
00000000000000111111000000000000
00000000000000111111000000000000
00000000000000111111000000000000
00000000000001111111000000000000
00000000110001111111000000000000
00000001111111111111000000000000
00000001111111111110000000000000
00000000111111111110000000000000
00000001111111111100000000000000
00000000111111111000000000000000
00000000111111111000000000000000
00000000111111110000000000000000
 
00000000000000011111111100000000
00000000010001111111111110000000
00000000111111111111111110000000
00000000111111111111111110000000
00000000111111111111111100000000
00000000111111111111111000000000
00000000011111111111111000000000
00000000011111111111100000000000
00000000001111111100000000000000
00000000001111110000000000000000
00000000001111110000000000000000
00000000000111110000000000000000
00000000000111111000000000000000
00000000000011111100000000000000
00000000000011111100000000000000
00000000000011111100000000000000
00000000000001111100000000000000
00000000000001111100000000000000
00000000000001111110000000000000
00000000000001111110000000000000
00000000000000111111000000000000
00000000000000111111000000000000
00000000000000111111000000000000
00000000000000111110000000000000
00000000110011111110000000000000
00000001111111111110000000000000
00000001111111111110000000000000
00000001111111111110000000000000
00000001111111111110000000000000
00000000111111111100000000000000
00000000111111111000000000000000
00000000011111110000000000000000
 
00000000000011111111110000000000
00000000000111111111111000000000
00000000001111111111111000000000
00000000011111111111111000000000
00000000111111111111111000000000
00000000011111111111111000000000
00000000111111111111110000000000
00000000111111111100000000000000
00000000011111110000000000000000
00000000011111100000000000000000
00000000001111100000000000000000
00000000000111100000000000000000
00000000000111100000000000000000
00000000000111110000000000000000
00000000000111110000000000000000
00000000000011111000000000000000
00000000000011111000000000000000
00000000000001111000000000000000
00000000000000111110000000000000
00000000000000111110000000000000
00000000000001111110000000000000
00000000000001111110000000000000
00000000000001111111000000000000
00000000010111111111000000000000
00000000111111111110000000000000
00000000111111111111000000000000
00000000111111111110000000000000
00000000111111111110000000000000
00000000001111111110000000000000
00000000001111111100000000000000
00000000001111111000000000000000
00000000000111110000000000000000
 
00000000000011111111100000000000
00000000000111111111111000000000
00000000001111111111111000000000
00000000011111111111111000000000
00000001111111111111111000000000
00000001111111111111111000000000
00000001111111111111000000000000
00000011111111111000000000000000
00000001111111110000000000000000
00000000111111100000000000000000
00000000111111110000000000000000
00000000011111111000000000000000
00000000001111111000000000000000
00000000000111111000000000000000
00000000000111111000000000000000
00000000000011111100000000000000
00000000000011111100000000000000
00000000000011111110000000000000
00000000000001111110000000000000
00000000000001111110000000000000
00000000000001111110000000000000
00000000000011111110000000000000
00000000000001111111000000000000
00000000000001111111000000000000
00000000000011111110000000000000
00000000001111111110000000000000
00000000011111111110000000000000
00000000111111111100000000000000
00000000011111111100000000000000
00000000001111111100000000000000
00000000001111111000000000000000
00000000000111100000000000000000
 
00000000000111111111000000000000
00000000000111111111110000000000
00000000011111111111111000000000
00000000111111111111111000000000
00000001111111111111110000000000
00000000111111111111110000000000
00000000111111111111000000000000
00000001111111111000000000000000
00000001111111111000000000000000
00000001111100000000000000000000
00000001111100000000000000000000
00000000111111000000000000000000
00000000011111000000000000000000
00000000011111000000000000000000
00000000011111100000000000000000
00000000001111110000000000000000
00000000000111110000000000000000
00000000000111111000000000000000
00000000000001111100000000000000
00000000000001111100000000000000
00000000000001111100000000000000
00000000000001111100000000000000
00000000000000111110000000000000
00000000000011111110000000000000
00000000000111111111000000000000
00000000001111111111000000000000
00000000011111111111000000000000
00000000111111111110000000000000
00000000011111111110000000000000
00000000011111111100000000000000
00000000001111111000000000000000
00000000001111100000000000000000
 
00000000000011111111000000000000
00000000000111111111110000000000
00000000001111111111110000000000
00000000011111111111111000000000
00000000111111111111111000000000
00000000011111111111111100000000
00000000111111111111111000000000
00000001111111110110000000000000
00000000111111110000000000000000
00000000111111000000000000000000
00000000111111000000000000000000
00000000011111100000000000000000
00000000001111110000000000000000
00000000001111110000000000000000
00000000001111110000000000000000
00000000000011111100000000000000
00000000000001111100000000000000
00000000000001111100000000000000
00000000000000111110000000000000
00000000000000111110000000000000
00000000000000111110000000000000
00000000000000111110000000000000
00000000000000011111000000000000
00000000000000111111000000000000
00000000000000111111000000000000
00000000000000111111100000000000
00000000001111111111100000000000
00000000011111111111000000000000
00000000011111111111000000000000
00000000001111111110000000000000
00000000001111111100000000000000
00000000001111111000000000000000
 
00000000000011111111111110000000
00000000001111111111111111000000
00000000011111111111111111000000
00000000011111111111111111000000
00000000111111111111111111000000
00000000111111111111111111000000
00000000111111000000000000000000
00000000111111000000000000000000
00000000111111000000000000000000
00000000111111000000000000000000
00000001111110000000000000000000
00000001111110000000000000000000
00000001111111111111000000000000
00000011111111111111110000000000
00000011111111111111111000000000
00000011111111111111111000000000
00000001111111111111111100000000
00000001111111100111111110000000
00000000111111000001111110000000
00000000000000000001111110000000
00000000000000000000111110000000
00000000000000000000111110000000
00000000000000000000111110000000
00000000000000000001111100000000
00000000000000000001111110000000
00000000001111100111111110000000
00000000011111111111111100000000
00000000011111111111111100000000
00000000111111111111111000000000
00000000011111111111110000000000
00000000001111111111100000000000
00000000000111111100000000000000
 
00000000000000000000000000000000
00000000000011111111111100000000
00000000001111111111111110000000
00000000111111111111111110000000
00000000111111111111111111000000
00000000111111111111111111000000
00000000111111111111111110000000
00000001111100000000000000000000
00000001111000000000000000000000
00000001111000000000000000000000
00000001110000100000000000000000
00000011111111111000000000000000
00000011111111111110000000000000
00000011111111111110000000000000
00000011111111111111000000000000
00000011111111111111000000000000
00000001111000001111000000000000
00000001110000001111000000000000
00000000100000001111000000000000
00000000000000001111100000000000
00000000000000000111100000000000
00000000000000001111000000000000
00000000000000001111000000000000
00000000000000001111000000000000
00000000000000011111000000000000
00000000000000111111000000000000
00000000111111111110000000000000
00000000111111111100000000000000
00000000111111111100000000000000
00000000011111111000000000000000
00000000001110000000000000000000
00000000000000000000000000000000
 
00000000000000000000011110000000
00000000000111111111111110000000
00000000111111111111111111000000
00000001111111111111111111000000
00000001111111111111111111000000
00000000111111111111111111000000
00000000111111000000000000000000
00000000111110000000000000000000
00000001111100000000000000000000
00000001111100000000000000000000
00000011111110000000000000000000
00000011111111111111110000000000
00000011111111111111111000000000
00000011111111111111111100000000
00000011111111111111111110000000
00000001111111111111111110000000
00000000001110100011111110000000
00000000000000000001111110000000
00000000000000000000011111000000
00000000000000000000011111000000
00000000000000000000011111000000
00000000000000000000011111000000
00000000000000000001111110000000
00000000000000000001111110000000
00000000000000000001111110000000
00000000111000000111111110000000
00000001111111111111111000000000
00000001111111111111110000000000
00000001111111111111110000000000
00000000111111111111000000000000
00000000001111111100000000000000
00000000000111110000000000000000
 
00000000001000000000000000000000
00000000011111011100000000000000
00000000011111111111000000000000
00000000011111111111110000000000
00000000111111111111110000000000
00000000111111111111110000000000
00000000111111111111111000000000
00000000111111000011111000000000
00000000111110000000110000000000
00000000111111111111110000000000
00000011111111111111110000000000
00000001111111111111111000000000
00000001111111111111111000000000
00000001111111111111111100000000
00000001111111111111111110000000
00000001111111110011111110000000
00000000000000000000011110000000
00000000000000000000011110000000
00000000000000000000011110000000
00000000000000000000011110000000
00000000000000000000011111000000
00000000000000000000011111000000
00000000000000000000011111000000
00000000000000000000111110000000
00000000000000000011111110000000
00000000000100001111111100000000
00000000011111111111111100000000
00000000011111111111110000000000
00000000011111111111000000000000
00000000011111111111000000000000
00000000011111111000000000000000
00000000000110000000000000000000
 
00000000000000111110001000000000
00000000000001111111111000000000
00000000001111111111111100000000
00000000011111111111111110000000
00000000111111111111111110000000
00000000111111110000000000000000
00000000111111000000000000000000
00000000111111000000000000000000
00000001111110000000000000000000
00000001111100000000000000000000
00000011111100000000000000000000
00000011111111111111111000000000
00000011111111111111111000000000
00000011111111111111111100000000
00000001111111111111111110000000
00000001111111111111111110000000
00000000111000000000011110000000
00000000000000000000011110000000
00000000000000000000011111000000
00000000000000000000011111000000
00000000000000000000011111000000
00000000000000000000011110000000
00000000000000000000111110000000
00000000000000000000111110000000
00000000000000000001111110000000
00000000000000000001111100000000
00000000000000000011111100000000
00000000000000001111111100000000
00000000000111111111111000000000
00000000001111111111110000000000
00000000000111111111110000000000
00000000000000111111000000000000
 
00000000000000000011111111000000
00000000000111111111111111000000
00000000001111111111111111000000
00000000001111111111111111000000
00000000111111111111111111000000
00000000111111111111111110000000
00000000111111111111111110000000
00000000111111110010000000000000
00000000111111100000000000000000
00000000111111100000000000000000
00000000111111111111100000000000
00000000111111111111100000000000
00000000111111111111111000000000
00000000111111111111111100000000
00000000111111111111111110000000
00000001111111111111111110000000
00000011111111111111111110000000
00000011111111100001111110000000
00000001111111000001111110000000
00000000111100000000111110000000
00000000000000000000111110000000
00000000000000000001111110000000
00000000000000000001111110000000
00000000000000000011111110000000
00000000000000000111111110000000
00000000000111111111111110000000
00000000000111111111111100000000
00000000000111111111111000000000
00000000001111111111100000000000
00000000001111111111100000000000
00000000000111111110000000000000
00000000000000011100000000000000
 
00000000001111000000000000000000
00000000011111000000000000000000
00000000111111001111111110000000
00000000111111111111111111000000
00000000111111111111111111000000
00000001111111111111111110000000
00000001111111111111111000000000
00000001111111111000000000000000
00000001111111000000000000000000
00000001111110000000000000000000
00000011111110000000000000000000
00000001111111110000000000000000
00000011111111111110000000000000
00000011111111111111100000000000
00000011111111111111110000000000
00000000111111111111111000000000
00000000111000111111111000000000
00000000000000000111111110000000
00000000000000000011111110000000
00000000000000000001111110000000
00000000000000000001111110000000
00000000000000000001111110000000
00000000000000000001111100000000
00000000000000000011111100000000
00000000000000001111111000000000
00000000000000111111110000000000
00000000000000111111110000000000
00000000111111111111100000000000
00000000111111111110000000000000
00000000111111111000000000000000
00000000111111110000000000000000
00000000001111000000000000000000
 
00000000000111111110100000000000
00000000011111111111111000000000
00000000011111111111111100000000
00000000011111111111111100000000
00000000011111111111111100000000
00000000011111100000000000000000
00000000111110000000000000000000
00000000111110000000000000000000
00000000111100000000000000000000
00000000111100000000000000000000
00000000111100000000000000000000
00000000111100000000000000000000
00000000111100000000000000000000
00000001111111111111100000000000
00000011111111111111111000000000
00000011111111111111111100000000
00000011111111111111111110000000
00000011111111111111111110000000
00000011111111000000111111000000
00000001111000000000011111000000
00000011100000000000111110000000
00000000000000000000111110000000
00000000000000000000111110000000
00000000000000000011111110000000
00000000000000000011111110000000
00000000000000111111111100000000
00000000000011111111111100000000
00000000011111111111000000000000
00000000011111111110000000000000
00000000011111111100000000000000
00000000011111111000000000000000
00000000000111000000000000000000
 
00000000000000000000001000000000
00000000000000000111111111000000
00000000001111111111111111110000
00000000011111111111111111110000
00000000011111111111111111100000
00000000011111111110000001000000
00000000011111100000000000000000
00000000011110000000000000000000
00000000111000000000000000000000
00000001111000000000000000000000
00000001111000000000000000000000
00000001111000001111000000000000
00000001111111111111110000000000
00000001111111111111111100000000
00000011111111111111111100000000
00000001111111111111111100000000
00000001111110000000111110000000
00000000111000000000111111000000
00000000000000000000011111000000
00000000000000000000011110000000
00000000000000000000011110000000
00000000000000000000011110000000
00000000000000000000011110000000
00000000000000000000011110000000
00000011110000000000111110000000
00000111110000000001111000000000
00000011111000000001111000000000
00000000111110001111110000000000
00000000111111111111110000000000
00000000001111111111000000000000
00000000001111111100000000000000
00000000000001000000000000000000
 
00000000000011111111111100000000
00000000011111111111111110000000
00000000111111111111111111000000
00000000111111111111111111100000
00000001111111111111111111000000
00000001111111111111000000000000
00000001111111111100000000000000
00000001111110000000000000000000
00000001111100000000000000000000
00000001111100000000000000000000
00000001111100000000000000000000
00000001111100000000000000000000
00000001111110000000000000000000
00000000111111000000000000000000
00000000111111100000000000000000
00000000011111110000000000000000
00000000011111111000000000000000
00000000001111111100000000000000
00000000000111111110000000000000
00000000000001111110000000000000
00000000000000111111000000000000
00000000000000011111000000000000
00000000000000001111000000000000
00000011100000001111100000000000
00000111110000001111100000000000
00000011110000001111100000000000
00000011111000011111000000000000
00000011111111111111000000000000
00000001111111111111000000000000
00000000111111111110000000000000
00000000001111111111000000000000
00000000000111111110000000000000
 
00000000000111111000000000000000
00000000111111111111110000000000
00000001111111111111111000000000
00000001111111111111111111000000
00000001111111111111111111000000
00000000011100000000000000000000
00000000011100000000000000000000
00000000011110000000000000000000
00000000011110000000000000000000
00000000011110000000000000000000
00000000011110000000000000000000
00000000011111000000000000000000
00000000011111111000000000000000
00000000111111111111000000000000
00000000111111111111100000000000
00000000011111111111110000000000
00000000000111111111110000000000
00000000000000000011111000000000
00000000000000000001111000000000
00000000000000000001111100000000
00000000000000000001111100000000
00000000000000000000111100000000
00000000000000000001111100000000
00000000000000000001111100000000
00000001100000000001111100000000
00000011100000000001111100000000
00000011110000000011111000000000
00000011111111111111110000000000
00000011111111111111110000000000
00000001111111111111100000000000
00000000001111111111100000000000
00000000000000110000000000000000
 
00000000000111111111100000000000
00000000001111111111110000000000
00000000111111111111111000000000
00000000111111111111111110000000
00000001111111111111111110000000
00000011111111111111111111000000
00000011111111000000001111000000
00000111111100000000000010000000
00000111111000000000000000000000
00001111110000000000000000000000
00001111100000000000000000000000
00000111100000000000000000000000
00000111111000000000000000000000
00000011111000000000000000000000
00000011111100000000000000000000
00000011111100000000000000000000
00000001111110000000000000000000
00000001111111000000000000000000
00000000111111100000000000000000
00000000011111110000000000000000
00000000001111111000000000000000
00000000000011111110000000000000
00000000000011111111000000000000
00000000000001111111000000000000
00000000100000011111000000000000
00000001110000011111000000000000
00000001111111111111000000000000
00000001111111111111100000000000
00000001111111111111100000000000
00000000111111111111000000000000
00000000001111111111100000000000
00000000000111111111000000000000
 
00000000000111111111111111111000
00000000001111111111111111111100
00000000011111111111111111111100
00000001111111111111111111110000
00000001111111111111100001000000
00000000111111111100000000000000
00000000111111100000000000000000
00000000111111000000000000000000
00000001111111100000000000000000
00000001111111111100000000000000
00000001111111111111100000000000
00000001111111111111110000000000
00000001111111111111111100000000
00000000111111111111111110000000
00000000000001111111111100000000
00000000000000001111111110000000
00000000000000000001111111000000
00000000000000000000011111000000
00000000000000000000011111000000
00000000100000000000111110000000
00000001110000000000011111000000
00000011110000000000011111000000
00000011110000000000011111000000
00000011111000000000011111000000
00000001111100000000011111000000
00000011111100000000111110000000
00000001111100000000111110000000
00000001111111100000111110000000
00000000111111111111111110000000
00000000011111111111111110000000
00000000001111111111111000000000
00000000000011111111110000000000
 
00000000011110000000000000000000
00000000111111111110000000000000
00000001111111111111111100000000
00000001111111111111111110000000
00000011111111111111111110000000
00000011111111111111111110000000
00000001111111111111111110000000
00000011111111000010000000000000
00000011111100000000000000000000
00000011111100000000000000000000
00000011111100000000000000000000
00000011111111110000000000000000
00000011111111111100000000000000
00000001111111111111000000000000
00000001111111111111100000000000
00000000111111111111110000000000
00000000011111111111111000000000
00000000000000001111111000000000
00000000000000000111111100000000
00000000000000000011111100000000
00000000000000000001111110000000
00000000000000000000111111000000
00000000000000000000111111000000
00000000000000000000011111000000
00000000000000000000011111000000
00000000000000000000011111000000
00000000111000000000011111000000
00000000111111101001111111110000
00000001111111111111111111100000
00000001111111111111111111100000
00000000111111111111111111000000
00000000011111111111111110000000
 
00000000000000001111111100000000
00000000000111111111111111100000
00000000011111111111111111100000
00000000111111111111110111000000
00000001111111100000000000000000
00000001111100000000000000000000
00000001111100000000000000000000
00000000111000000000000000000000
00000001111000000000000000000000
00000001111000000000000000000000
00000001111000000000000000000000
00000001111000000000000000000000
00000001111000000000000000000000
00000001111011111111000000000000
00000001111111111111100000000000
00000001111111111111110000000000
00000000111111111111111100000000
00000000011110000001111100000000
00000000000000000000011110000000
00000000000000000000011110000000
00000000000000000000011110000000
00000000000000000000011110000000
00000001100000000000001110000000
00000011100000000000011110000000
00000001110000000000011110000000
00000001110000000000011110000000
00000000111000000000111100000000
00000000111100000000111000000000
00000000011110000001111000000000
00000000011111111111110000000000
00000000011111111111000000000000
00000000001111111110000000000000
 
00000000000000000000110000000000
00000000011111111111111100000000
00000000111111111111111111000000
00000000111111111111111111000000
00000000111111111111111111100000
00000000111111100000000011000000
00000000111110000000000000000000
00000000111100000000000000000000
00000000111100000000000000000000
00000000111111000000000000000000
00000001111110010000000000000000
00000001111111111111000000000000
00000001111111111111100000000000
00000011111111111111110000000000
00000001111111111111111000000000
00000001111111100111111000000000
00000001111110000011111100000000
00000000000000000001111110000000
00000000000000000001111110000000
00000000000000000000111110000000
00000000000000000000111111000000
00000000000000000000011111000000
00000000000000000000011111000000
00000000000000000000111110000000
00000000000000000000111110000000
00000000000000000001111110000000
00000001111000111111111100000000
00000011111111111111111100000000
00000011111111111111111100000000
00000000111111111111110000000000
00000000011111111111100000000000
00000000000000001000000000000000
 
00000000001000000000100000000000
00000001111111111111111100000000
00000001111111111111111100000000
00000001111111111111111111000000
00000001111111111111111111000000
00000001111111110100001110000000
00000001111100000000000100000000
00000000111100000000000000000000
00000001111100000000000000000000
00000000111100000000000000000000
00000001111000000000000000000000
00000001111000111110000000000000
00000001111111111111100000000000
00000001111111111111110000000000
00000001111111111111111000000000
00000001111111101111111000000000
00000000111000000001111100000000
00000000010000000001111100000000
00000000000000000000111110000000
00000000000000000000011110000000
00000000000000000000011110000000
00000000000000000000011110000000
00000000000000000000011110000000
00000000000000000000011111000000
00000000000000000000011111000000
00000000000000000000111110000000
00000000110000000011111110000000
00000001111111111111111110000000
00000011111111111111111100000000
00000001111111111111111000000000
00000000011111111111111000000000
00000000001111111111000000000000
 
00000000000000000001000000000000
00000000111111111111111100000000
00000000111111111111111110000000
00000011111111111111111100000000
00000011111111111111111100000000
00000011111111110000011000000000
00000011111000000000000000000000
00000011111000000000000000000000
00000011111000000000000000000000
00000011111000000000000000000000
00000011111111111110000000000000
00000011111111111111100000000000
00000011111111111111110000000000
00000011111111111111111000000000
00000011111111111111111000000000
00000011111000000011111100000000
00000000000000000001111110000000
00000000000000000000111110000000
00000000000000000000011110000000
00000000000000000000011110000000
00000000000000000000011111000000
00000000000000000000011111000000
00000000000000000000011111000000
00000000000000000000011111000000
00000000000000000000011111000000
00000000000000000000111111000000
00000001111100000011111111000000
00000001111111111111111110000000
00000000111111111111111100000000
00000000111111111111111000000000
00000000001111111111000000000000
00000000000111111101000000000000
 
00000000000011111111000000000000
00000000011111111111111100000000
00000000111111111111111111000000
00000000111111111111111111100000
00000000111111111111111111100000
00000001111111111111111111000000
00000000111110000000000000000000
00000000111110000000000000000000
00000000111111000000000000000000
00000000111110000000000000000000
00000001111110111110000000000000
00000001111111111111100000000000
00000001111111111111110000000000
00000001111111111111111000000000
00000001111111111111111000000000
00000000111110000011111110000000
00000000111000000001111110000000
00000000011000000001111110000000
00000000000000000000111110000000
00000000000000000000011111000000
00000000000000000000011111000000
00000000000000000000011111000000
00000000000000000000011111000000
00000000000000000000111110000000
00000000000000000001111110000000
00000000000000000011111110000000
00000000110010000111111100000000
00000000111111111111111100000000
00000000111111111111111100000000
00000000111111111111110000000000
00000000111111111111000000000000
00000000000000110000000000000000
 
00000000000000011100000000000000
00000000111111111111100000000000
00000000111111111111100000000000
00000000111111111111111000000000
00000000111111111111111000000000
00000000111111111111111000000000
00000000111110000000000000000000
00000000111100000000000000000000
00000000111100000000000000000000
00000001111100000000000000000000
00000001111100000000000000000000
00000001111100111110000000000000
00000001111111111111100000000000
00000011111111111111110000000000
00000011111111111111110000000000
00000000111111111111111000000000
00000000110000000011111100000000
00000000000000000001111100000000
00000000000000000001111110000000
00000000000000000000111111000000
00000000000000000000111111000000
00000000000000000000111111000000
00000000000000000000111111000000
00000000000000000000011111000000
00000000000000000000111111000000
00000000000000000000111111000000
00000000000000000000111111000000
00000000111000001111111110000000
00000000111111111111111110000000
00000000111111111111111100000000
00000000001111111111111000000000
00000000000111111111110000000000
 
00000000000000100110010000000000
00000000001111111111111111100000
00000000011111111111111111100000
00000001111111111111111111000000
00000001111111111111111111000000
00000001111100000000000000000000
00000001111000000000000000000000
00000001111000000000000000000000
00000001111000000000000000000000
00000001111000000000000000000000
00000001111000000000000000000000
00000001111000000000000000000000
00000011111011111111000000000000
00000001111111111111100000000000
00000001111111111111110000000000
00000001111111111111111000000000
00000000111100000011111100000000
00000000000000000001111110000000
00000000000000000001111110000000
00000000000000000000111110000000
00000000000000000000111110000000
00000000000000000000011111000000
00000000000000000000011111000000
00000000000000000000011111000000
00000000000000000000111111000000
00000000000000000000111111000000
00000000000000000001111110000000
00000000011100111111111110000000
00000000011111111111111110000000
00000000011111111111111000000000
00000000011111111111100000000000
00000000000111111110000000000000
 
00000000000000000110111100000000
00000000001111111111111111000000
00000000001111111111111111100000
00000000011111111111111111100000
00000000111111111111111111000000
00000000111111111111111111000000
00000000111111100000000000000000
00000000111100000000000000000000
00000000111100000000000000000000
00000000111100000000000000000000
00000000111100000001100000000000
00000000111100011111110000000000
00000001111111111111111000000000
00000001111111111111111000000000
00000011111111111111111000000000
00000001111111111111111110000000
00000001111111100001111110000000
00000001111110000001111110000000
00000000010000000000011111000000
00000000000000000000011111000000
00000000000000000000011111000000
00000000000000000000111110000000
00000000000000000000111110000000
00000000000000000000111110000000
00000000000000000000111110000000
00000000000000000011111110000000
00000000000011111111111110000000
00000000001111111111111110000000
00000000001111111111111100000000
00000000001111111111110000000000
00000000001111111111000000000000
00000000000001110000000000000000
 
00000000001110011111110000000000
00000000011111111111111000000000
00000000111111111111111000000000
00000000011111111111111100000000
00000000011111111111111100000000
00000000111111110001111100000000
00000000111110000000010000000000
00000001111100000000000000000000
00000001111100000000000000000000
00000001111111111111100000000000
00000001111111111111100000000000
00000001111111111111111000000000
00000000111111111111111100000000
00000000000110000011111110000000
00000000000000000001111110000000
00000000000000000000111110000000
00000000000000000000011111000000
00000000000000000000011111000000
00000000000000000000011111000000
00000000000000000000011111000000
00000000000000000000011111000000
00000000000000000000001111100000
00000000000000000000001111100000
00000000000000000000001111100000
00000000000000000000001111100000
00000000111000000000111111100000
00000000111111000001111111100000
00000000111111111111111111100000
00000000111111111111111111000000
00000000111111111111111110000000
00000000000111111111111100000000
00000000000011111111110000000000
 
00000000000000111011000000000000
00000000000011111111111111100000
00000000011111111111111111110000
00000000011111111111111111110000
00000000011111111111111111100000
00000000111110000000000000000000
00000001111100000000000000000000
00000001111100000000000000000000
00000000111100000000000000000000
00000001111101111111100000000000
00000000111111111111110000000000
00000001111111111111111100000000
00000001111111111111111100000000
00000011111111000011111110000000
00000011111000000000111110000000
00000000000000000000111110000000
00000000000000000000111111000000
00000000000000000000011111000000
00000000000000000000011111000000
00000000000000000000011110000000
00000000000000000000111110000000
00000000000000000000111110000000
00000000000000000001111110000000
00000000000000000001111100000000
00000001111000000001111100000000
00000001111100000111111100000000
00000001111110001111111100000000
00000001111111111111111000000000
00000000111111111111100000000000
00000000011111111111000000000000
00000000001111111110000000000000
00000000000001110000000000000000
 
00000000000000000111100000000000
00000000000011111111111000000000
00000000111111111111111100000000
00000000111111111111111100000000
00000011111111111111111100000000
00000011111111100000000000000000
00000011111100000000000000000000
00000011111000000000000000000000
00000011111000000000000000000000
00000011111000000000000000000000
00000001111100000000000000000000
00000001111111111110000000000000
00000001111111111111000000000000
00000011111111111111100000000000
00000011111111111111111000000000
00000011111110001111111100000000
00000001110000000111111100000000
00000000110000000011111110000000
00000000000000000000111111000000
00000000000000000000111111000000
00000000000000000000111111000000
00000000000000000000111111000000
00000000000000000000111111000000
00000000000000000000011111100000
00000000000000000000011111100000
00000000000000000001111111000000
00000000111000000001111111000000
00000001111111111111111110000000
00000000111111111111111100000000
00000000111111111111111000000000
00000000001111111111110000000000
00000000000001111111000000000000
 
00000000000000111110000000000000
00000000001111111111100000000000
00000000001111111111100000000000
00000000001111111111100000000000
00000000001111111111100000000000
00000000000111100000000000000000
00000000001111111111000000000000
00000000011111111111100000000000
00000000011111111111110000000000
00000000011111111111110000000000
00000000001111111111111100000000
00000000000011000000011110000000
00000000000000000000011110000000
00000000000000000000011110000000
00000000000000000000001111000000
00000000000000000000000111000000
00000000000000000000000111000000
00000000000000000000000111000000
00000000000000000000000111000000
00000000000000000000000011100000
00000000000000000000000011100000
00000000000000000000000011100000
00000000000000000000000111100000
00000000011110000000000011100000
00000000011110000000000111100000
00000000011110000000001111100000
00000000011111000000001111100000
00000000111111111111111111000000
00000000001111111111111111100000
00000000001111111111111111100000
00000000000111111111111110000000
00000000000000011111100000000000
 
00000000000000111110000000000000
00000000000111111111000000000000
00000000001111111111000000000000
00000000001111111111110000000000
00000000011111111111100000000000
00000000011111111111000000000000
00000000011111111110000000000000
00000000001111111000000000000000
00000000001111111100000000000000
00000000001111111110000000000000
00000000001111111111000000000000
00000000000111111111110000000000
00000000000111111111111000000000
00000000000011111111111100000000
00000000000001111111111100000000
00000000000000000011111111000000
00000000000000000000111111000000
00000000000000000000011111000000
00000000000000000000001111100000
00000000000000000000000111100000
00000000000000000000000111100000
00000000000000000000000111110000
00000000111100000000000011111000
00000001111110000000000011110000
00000001111100000000000111110000
00000001111111000000000111110000
00000000011111111000000111111000
00000000001111111111111111111000
00000000001111111111111111110000
00000000001111111111111111100000
00000000000011111111111111110000
00000000000000011111111111100000
 
00000000000001111111111000000000
00000000000111111111111110000000
00000000011111111111111110000000
00000000011111111111111110000000
00000000111111111111111100000000
00000000111111111100000000000000
00000000011100000000000000000000
00000000111100000000000000000000
00000000111100000000000000000000
00000000111110000000000000000000
00000000111111000001100000000000
00000000111111000111100000000000
00000000111111001111110000000000
00000001111111111111110000000000
00000001111111111111111000000000
00000001111111111111111000000000
00000011111111111111111000000000
00000001111111111111111000000000
00000011111111100001111100000000
00000011111111000001111100000000
00000000111100000001111100000000
00000000000000000001111100000000
00000000000000000011111100000000
00000000000000000011111110000000
00000000000000000011111100000000
00000000000000000011111100000000
00000000111111111111111000000000
00000000111111111111111000000000
00000000111111111111110000000000
00000000011111111111110000000000
00000000000011111110000000000000
00000000000000100000000000000000
 
00000000000001111111111000000000
00000000011111111111111100000000
00000000011111111111111100000000
00000000111111111111111110000000
00000001111111111111101110000000
00000011111111110000000000000000
00000011111111000000000000000000
00000011111100000000000000000000
00000011111000000000000000000000
00000011110001000000000000000000
00000011111111100000000000000000
00000011111111110000000000000000
00000011111111111000000000000000
00000011111111111100000000000000
00000011111111111100000000000000
00000001111111111100000000000000
00000001111111111100000000000000
00000000111100111100000000000000
00000000000000111100000000000000
00000000000000111100000000000000
00000000000000111110000000000000
00000000000000011111000000000000
00000000000000011111000000000000
00000000000000011111000000000000
00000000000000011111000000000000
00000000000000011111000000000000
00000000000000111110000000000000
00000000000111111110000000000000
00000000001111111110000000000000
00000000011111111100000000000000
00000000000111111110000000000000
00000000000011111100000000000000
 
00000000000000010000000000000000
00000000000111111111111110000000
00000000011111111111111111000000
00000000011111111111111111000000
00000000011111111111111111000000
00000001111111111101111110000000
00000001111100000000000000000000
00000001111100000000000000000000
00000001111100000000000000000000
00000001111100000000000000000000
00000001111000111100000000000000
00000001111101111111000000000000
00000001111111111111000000000000
00000001111111111111000000000000
00000001111111111111100000000000
00000011111111111111100000000000
00000001111110000111100000000000
00000001111100000111100000000000
00000000000000000111100000000000
00000000000000000111100000000000
00000000000000000111100000000000
00000000000000000111100000000000
00000000000000000111100000000000
00000000000000000111100000000000
00000000000000001111100000000000
00000000000000001111100000000000
00000000000000011111000000000000
00000000011111111111000000000000
00000000011111111111000000000000
00000000011111111100000000000000
00000000011111111100000000000000
00000000000011100000000000000000
 
00000000001111111110000000000000
00000000001111111111110000000000
00000000011111111111111000000000
00000000111111111111111000000000
00000000111111111111111000000000
00000000011111111000000000000000
00000000000111000000000000000000
00000000000111100000000000000000
00000000011111110000000000000000
00000000011111100000000000000000
00000000011111100000000000000000
00000000011111100000000000000000
00000000011111000000000000000000
00000000001111100000000000000000
00000000011111111111100000000000
00000000111111111111100000000000
00000000111111111111100000000000
00000000111111111111100000000000
00000000111111111111110000000000
00000000011111111111111000000000
00000000000000000011111000000000
00000000000000000011111000000000
00000000000000000011111000000000
00000000000000000111110000000000
00000000000000000111110000000000
00000000000000011111110000000000
00000000011000011111110000000000
00000000011111111111110000000000
00000000111111111111100000000000
00000000011111111111100000000000
00000000001111111110000000000000
00000000001111111100000000000000
 
00000000000011111111111000000000
00000000011111111111111000000000
00000000111111111111111100000000
00000000011111111111111110000000
00000000011111111111111110000000
00000000111111111111111110000000
00000000111110000000000000000000
00000000111100000000000000000000
00000000111100000000000000000000
00000001111100000000000000000000
00000001111100000000000000000000
00000011111100000000000000000000
00000001111110111110000000000000
00000001111111111110000000000000
00000011111111111111000000000000
00000011111111111111000000000000
00000011111111111111000000000000
00000011111111111111100000000000
00000001111111111111100000000000
00000000000100001111100000000000
00000000000000001111100000000000
00000000000000000111110000000000
00000000000000000111110000000000
00000000000000000111110000000000
00000000000000001111110000000000
00000000010000001111110000000000
00000000111111111111110000000000
00000000111111111111100000000000
00000000111111111111000000000000
00000000111111111111000000000000
00000000001111111111000000000000
00000000000111111110000000000000
 
00000000000001111111000000000000
00000000000111111111111000000000
00000000001111111111111000000000
00000000111111111111111000000000
00000001111111111111111000000000
00000000111111111111111100000000
00000000111111100000000000000000
00000000111110000000000000000000
00000000111100000000000000000000
00000000111100000000000000000000
00000000011110000000000000000000
00000000011111000000000000000000
00000000111111111100000000000000
00000000111111111110000000000000
00000000011111111111000000000000
00000000011111111111100000000000
00000000011111111111100000000000
00000000111111111111100000000000
00000000011111111111110000000000
00000000001111110111111000000000
00000000000000000011110000000000
00000000000000000011110000000000
00000000000000000111110000000000
00000000000000000011111000000000
00000000000000000111111000000000
00000000000000000111110000000000
00000000001000011111110000000000
00000000011111111111110000000000
00000000001111111111110000000000
00000000001111111111100000000000
00000000001111111111000000000000
00000000000011111110000000000000
 
00000000000000111111110000000000
00000000000011111111111100000000
00000000011111111111111000000000
00000000001111111111111110000000
00000000011111111111111110000000
00000000111111111111111110000000
00000000111111111000001100000000
00000000111111000000000000000000
00000000111110000000000000000000
00000000111100000000000000000000
00000000111100000000000000000000
00000001111111110000000000000000
00000001111111111000000000000000
00000001111111111000000000000000
00000001111111111000000000000000
00000001111111111100000000000000
00000001111111111110000000000000
00000001111111111110000000000000
00000000000000111110000000000000
00000000000000111110000000000000
00000000000000111110000000000000
00000000000000011111000000000000
00000000000000011111000000000000
00000000000000111111000000000000
00000000110000111111000000000000
00000000111011111110000000000000
00000001111111111100000000000000
00000001111111111100000000000000
00000001111111111100000000000000
00000000011111111000000000000000
00000000001111110000000000000000
00000000000100000000000000000000
 
00000000001111111111111000000000
00000000011111111111111100000000
00000000111111111111111100000000
00000000111111111111111100000000
00000001111111111111111000000000
00000001111111111110000000000000
00000001111111100000000000000000
00000001111111000000000000000000
00000001111110000000000000000000
00000001111110100000000000000000
00000001111111110000000000000000
00000011111111111000000000000000
00000011111111111100000000000000
00000011111111111100000000000000
00000001111111111111000000000000
00000011111111111111000000000000
00000011111111111111000000000000
00000001111100011111000000000000
00000000001000011111000000000000
00000000000000001111100000000000
00000000000000001111100000000000
00000000000000011111100000000000
00000000000000011111100000000000
00000000000000011111100000000000
00000000000000011111000000000000
00000000000000011111100000000000
00000000011111111111100000000000
00000000111111111111100000000000
00000001111111111111000000000000
00000000111111111111000000000000
00000000011111111111000000000000
00000000001111111100000000000000
 
00000000001111111111100000000000
00000000011111111111111000000000
00000000111111111111111000000000
00000001111111111111111000000000
00000000111111111111111110000000
00000000111111111111111110000000
00000001111111111000011100000000
00000001111110000000000000000000
00000001111100000000000000000000
00000001111100000000000000000000
00000001111100000000000000000000
00000011111111110000000000000000
00000001111111111110000000000000
00000011111111111110000000000000
00000011111111111110000000000000
00000011111111111110000000000000
00000001111111111111000000000000
00000000011100011111000000000000
00000000000000011111000000000000
00000000000000011111000000000000
00000000000000011111000000000000
00000000000000001111100000000000
00000000000000011111100000000000
00000000000000011111100000000000
00000000110000111111100000000000
00000000111111111111100000000000
00000000111111111111100000000000
00000000111111111110000000000000
00000000111111111100000000000000
00000000011111111110000000000000
00000000001111111100000000000000
00000000000000000000000000000000
 
00000000000111111100000000000000
00000000001111111111000000000000
00000000111111111111110000000000
00000000111111111111111000000000
00000000111111111111111100000000
00000000111111111111111100000000
00000000111110000000000000000000
00000000011110000000000000000000
00000000001111000000000000000000
00000000011111000000000000000000
00000000011110000000000000000000
00000000111110010000000000000000
00000000111111111000000000000000
00000000111111111100000000000000
00000000111111111110000000000000
00000000111111111110000000000000
00000000111111111111000000000000
00000000111111101111000000000000
00000000111111001111000000000000
00000000011111000111100000000000
00000000000000000011100000000000
00000000000000000011100000000000
00000000000000000011100000000000
00000000000000000011110000000000
00000000000000000111110000000000
00000000000000000011110000000000
00000000000000000011110000000000
00000000011011011111100000000000
00000000111111111111100000000000
00000000111111111111100000000000
00000000011111111111100000000000
00000000000111111110000000000000
 
00000000011111111111110000000000
00000000011111111111111000000000
00000000111111111111111000000000
00000000011111111111111100000000
00000000011111111111111100000000
00000000011111011111111000000000
00000000001111000000000000000000
00000000000111100000000000000000
00000000001111110000000000000000
00000000011111111000000000000000
00000000011111111100000000000000
00000000011111111111000000000000
00000000011111111111000000000000
00000000011111111111000000000000
00000000011111111111100000000000
00000000001111100011110000000000
00000000000111000011111000000000
00000000000000000011110000000000
00000000000000000001111000000000
00000000000000000001111000000000
00000000000000000001111000000000
00000000000000000001111000000000
00000000000000000000111100000000
00000000000000000001111100000000
00000000000000000001111000000000
00000000000000000011111000000000
00000000000000000011111000000000
00000000000000001111111000000000
00000000011111111111110000000000
00000000111111111111110000000000
00000000011111111111110000000000
00000000001111111111000000000000
 
00000000000000001111111110000000
00000000111001111111111110000000
00000001111111111111111110000000
00000001111111111111111110000000
00000001111111111111111100000000
00000001111111111111111000000000
00000000111111101001100000000000
00000001111110000000000000000000
00000001111100000000000000000000
00000011111111100000000000000000
00000011111111110000000000000000
00000011111111111000000000000000
00000111111111111100000000000000
00000111111111111110000000000000
00000111111111111111000000000000
00000011111111111111000000000000
00000001111000001111100000000000
00000000010000001111100000000000
00000000000000001111100000000000
00000000000000001111100000000000
00000000000000000111110000000000
00000000000000000111110000000000
00000000000000000111110000000000
00000000000000000111110000000000
00000000000000001111110000000000
00000000000000001111100000000000
00000000100000111111100000000000
00000000111000111111100000000000
00000000111111111111100000000000
00000001111111111111000000000000
00000000111111111110000000000000
00000000011111111100000000000000
 
00000000000000001111111000000000
00000000011111111111111100000000
00000000111111111111111110000000
00000000111111111111111110000000
00000000111111111111111100000000
00000000111111110000000000000000
00000000011111100000000000000000
00000000011111000000000000000000
00000000011111000000000000000000
00000000011111000000000000000000
00000000111111000000000000000000
00000000111111100000000000000000
00000001111111110000000000000000
00000000111111111110000000000000
00000000111111111111000000000000
00000000111111111111100000000000
00000000011111111111100000000000
00000000000000001111110000000000
00000000000000000111110000000000
00000000000000000111110000000000
00000000000000000011111000000000
00000000000000000001111000000000
00000000000000000001111000000000
00000000000000000011111000000000
00000000000000000011111000000000
00000000110000001111111000000000
00000001111000011111110000000000
00000001111100011111111000000000
00000000111111111111110000000000
00000000111111111111100000000000
00000000111111111111000000000000
00000000011111111110000000000000
 
00000000111111111111111100000000
00000001111111111111111100000000
00000001111111111111111100000000
00000001111111111111111100000000
00000000111111111111111000000000
00000000011111111111100000000000
00000000011111000000000000000000
00000000011111000000000000000000
00000000001111100000000000000000
00000000011111100000000000000000
00000000011111100000000000000000
00000000111111100000000000000000
00000000111111110000000000000000
00000000111111111000000000000000
00000000111111111110000000000000
00000000111111111111000000000000
00000000111111111111100000000000
00000000111110001111100000000000
00000000011100001111110000000000
00000000000000000011111000000000
00000000000000000011111100000000
00000000000000000011111100000000
00000000000000000011111100000000
00000000000000000011111100000000
00000000000000000111111000000000
00000000111000000111111100000000
00000001111100001111111000000000
00000001111111111111111000000000
00000001111111111111110000000000
00000001111111111111000000000000
00000000111111111111000000000000
00000000011111111110000000000000
 
00000000000000000010001000000000
00000000111111111111111110000000
00000001111111111111111110000000
00000000111111111111111111000000
00000000111111111111001110000000
00000001111111000000000000000000
00000001111000000000000000000000
00000001111000000000000000000000
00000001111000000000000000000000
00000001110000000000000000000000
00000001110001010000000000000000
00000011111111111100000000000000
00000011111111111110000000000000
00000011111111111111000000000000
00000001111111111111110000000000
00000001111100001111110000000000
00000001100000000011111000000000
00000000000000000001111000000000
00000000000000000001111100000000
00000000000000000001111100000000
00000000000000000001111100000000
00000000000000000001111100000000
00000000000000000000111100000000
00000000000000000000111100000000
00000000000000000000111100000000
00000000000000000001111100000000
00000000000000000011111000000000
00000000111111011111111000000000
00000001111111111111110000000000
00000001111111111111100000000000
00000000011111111111000000000000
00000000011111111100000000000000
 
00000000000000000001100100000000
00000000000111111111111110000000
00000000011111111111111111000000
00000000111111111111111110000000
00000000111111111100001110000000
00000000111111100000001100000000
00000000011110000000000000000000
00000000111100000000000000000000
00000000111100000000000000000000
00000000111100000000000000000000
00000000111100100000000000000000
00000001111111111100000000000000
00000011111111111110000000000000
00000001111111111111110000000000
00000001111111111111111000000000
00000000000000100111111000000000
00000000000000000001111100000000
00000000000000000000011110000000
00000000000000000000011110000000
00000000000000000000001111000000
00000000000000000000001111000000
00000000000000000000001110000000
00000000000000000000001110000000
00000000000000000000001110000000
00000000000000000000011110000000
00000000000000000000011110000000
00000000011110000000111100000000
00000000011111000011111100000000
00000000011111111111111000000000
00000000011111111111110000000000
00000000001111111111000000000000
00000000000111111100000000000000
 
00000000000001111111100000000000
00000000111111111111110000000000
00000000111111111111110000000000
00000000111111111111111000000000
00000000111111110000011000000000
00000000011111100000000000000000
00000000001111100000000000000000
00000000001111100000000000000000
00000000001111000000000000000000
00000000011110000000000000000000
00000000011110000000000000000000
00000000011110011000000000000000
00000000111111111110000000000000
00000000111111111111110000000000
00000001111111111111111000000000
00000001111111111111111000000000
00000000111000000000111100000000
00000000000000000000011100000000
00000000000000000000001110000000
00000000000000000000001110000000
00000000000000000000001111000000
00000000000000000000001111000000
00000000000000000000001111000000
00000000000000000000001111000000
00000000000000000000001110000000
00000001100000000000011110000000
00000001110000000000011100000000
00000011110000000001111100000000
00000001111111101111111000000000
00000000111111111111111000000000
00000000001111111111110000000000
00000000000111111111000000000000
 
00000000001011111110110000000000
00000000111111111111111110000000
00000000111111111111111110000000
00000000111111111111011111000000
00000000111111111000001110000000
00000000011111100000000000000000
00000000001111100000000000000000
00000000001111111110000000000000
00000000001111111111000000000000
00000000001111111111110000000000
00000000001111111111110000000000
00000000000000000111111000000000
00000000000000000001111100000000
00000000000000000000011100000000
00000000000000000000001110000000
00000000000000000000001110000000
00000000000000000000001110000000
00000000000000000000000111000000
00000000000000000000000111000000
00000000000000000000000111000000
00000000000000000000000111000000
00000000000000000000000111000000
00000000100000000000000111000000
00000001110000000000001111000000
00000011110000000000001111000000
00000011110000000000011110000000
00000011110000000000111110000000
00000001011111001111111100000000
00000001011111111111111100000000
00000000111111111111110000000000
00000000011111111111100000000000
00000000000000111100000000000000
 
00000000000000000000000010000000
00000000011111111111111111000000
00000000011111111111111111000000
00000000011111111111111111000000
00000000011111111111111111000000
00000000011111100000000000000000
00000000001111100000000000000000
00000000001111000000000000000000
00000000011111000000000000000000
00000000011111000000000000000000
00000000111100011100000000000000
00000000111111111110000000000000
00000000111111111111110000000000
00000001111111111111110000000000
00000001111111111111111100000000
00000001111111100011111100000000
00000001111100000000111110000000
00000001111000000000111110000000
00000001110000000000111110000000
00000000000000000000011111000000
00000000000000000000011111000000
00000000000000000000001111000000
00000000000000000000001111000000
00000000000000000000011110000000
00000000000000000000011110000000
00000000000110000000111110000000
00000000011111000000111100000000
00000000011111100001111100000000
00000000011111111111111100000000
00000000011111111111111000000000
00000000000111111111110000000000
00000000000111111111100000000000
 
00000000001110111111111100000000
00000000011111111111111110000000
00000000111111111111111110000000
00000000111111111111111110000000
00000000111111111111000000000000
00000000111100000000000000000000
00000000111000000000000000000000
00000001111000000000000000000000
00000001111000000000000000000000
00000001111001111000000000000000
00000000111111111100000000000000
00000000111111111111100000000000
00000000111111111111110000000000
00000001111111111111111000000000
00000001111110000111111000000000
00000000111000000011111000000000
00000000000000000000111100000000
00000000000000000000111100000000
00000000000000000000111110000000
00000000000000000000011110000000
00000000000000000000011110000000
00000000000000000000111110000000
00000000000000000000111100000000
00000000000000000000011110000000
00000001111000000000011100000000
00000001111000000001111100000000
00000001111000000001111100000000
00000000111111111111111000000000
00000000111111111111110000000000
00000000111111111111100000000000
00000000011111111110000000000000
00000000001111111000000000000000
 
00000000000000010111111110000000
00000000111111111111111111000000
00000000111111111111111111000000
00000011111111111111111111000000
00000011111111100000000010000000
00000000111110000000000000000000
00000000111110000000000000000000
00000000111110000000000000000000
00000000111100000000000000000000
00000000111111111000000000000000
00000000111111111110000000000000
00000001111111111111000000000000
00000001111111111111110000000000
00000001111111000111111000000000
00000000111100000111111100000000
00000000000000000001111100000000
00000000000000000000111110000000
00000000000000000000011110000000
00000000000000000000001111000000
00000000000000000000001111000000
00000000000000000000001111000000
00000000000000000000001111000000
00000000000000000000001111000000
00000001100000000000001111000000
00000001111000000000011110000000
00000011110000000000111110000000
00000011110000000001111100000000
00000001111000000011111100000000
00000001111111111111111000000000
00000000111111111111110000000000
00000001111111111110000000000000
00000000011111111000000000000000
 
00000000011011111111111000000000
00000000111111111111111110000000
00000000111111111111111111000000
00000000111111111111111111000000
00000000111111111111111111000000
00000000011111000000000100000000
00000000011110000000000000000000
00000000011110000000000000000000
00000000011110000000000000000000
00000000011110000000000000000000
00000000011100000000000000000000
00000000111111111100000000000000
00000000111111111110000000000000
00000000111111111111000000000000
00000000111111111111100000000000
00000000111110000111100000000000
00000000000000000011110000000000
00000000000000000001111000000000
00000000000000000001111000000000
00000000000000000001111000000000
00000000000000000000111100000000
00000000000000000000111100000000
00000000000000000000111100000000
00000000000000000000111100000000
00000000100000000000111000000000
00000001111000000001111000000000
00000001111000000001111000000000
00000011111110000111111000000000
00000001111111111111110000000000
00000000111111111111100000000000
00000000001111111111000000000000
00000000000111111110000000000000
 
00000000000000001111000000000000
00000000000001111111110000000000
00000000011111111111111000000000
00000000011111111111111000000000
00000000111111111111100000000000
00000000011111111111100000000000
00000000111111111110000000000000
00000001111111100000000000000000
00000011111111000000000000000000
00000011111111000000000000000000
00000011111111000000000000000000
00000011111110000000000000000000
00000011111100000000000000000000
00000011111100000000000000000000
00000011111110000000000000000000
00000000111111110000000000000000
00000000111111111000000000000000
00000000111111111111000000000000
00000000001111111111100000000000
00000000000011111111111000000000
00000000000000011111111100000000
00000000000000001111111100000000
00000000000000000111111100000000
00000000000000000111111100000000
00000000000000000111111100000000
00000000000000011111111000000000
00000000000001111111110000000000
00000000001111111111100000000000
00000000011111111110000000000000
00000000011111111110000000000000
00000000011111111000000000000000
00000000000111000000000000000000
 
00000000000000001111100000000000
00000000001111111111111000000000
00000001111111111111111110000000
00000000111111111111111111000000
00000000111111111111111111000000
00000000111111111111111110000000
00000000011111111000011100000000
00000000000111111000000000000000
00000000000111110000000000000000
00000000001111110000000000000000
00000000001111100000000000000000
00000000001111100000000000000000
00000000001111110000000000000000
00000000001111110000000000000000
00000000001111111110000000000000
00000000000111111111100000000000
00000000000111111111110000000000
00000000000011111111110000000000
00000000000000111111111100000000
00000000000000110111111100000000
00000000000011110011111100000000
00000000011111110000111110000000
00000001111111100000111110000000
00000001111111000001111100000000
00000011111100000111111100000000
00000011111000001111111000000000
00000011111100111111110000000000
00000011111111111111110000000000
00000011111111111111100000000000
00000001111111111110000000000000
00000000111111111100000000000000
00000000000111000000000000000000
 
00000000111000000000000000000000
00000001111111111111111110000000
00000001111111111111111111100000
00000000111111111111111111100000
00000000111111111111111111100000
00000000111111111111111111100000
00000000001111111111111111000000
00000000001111111100001110000000
00000000001111100000000000000000
00000000001111100000000000000000
00000000011111000000000000000000
00000000011111000000000000000000
00000000011111000000000000000000
00000000001111100000000000000000
00000000001111111000000000000000
00000000000111111100000000000000
00000000000001111110000000000000
00000000000000111111100000000000
00000000000000111111100000000000
00000000000000001111110000000000
00000000000000000111111000000000
00000000000000000011111000000000
00000000000000000011111000000000
00000000000000000111110000000000
00000000000000001111100000000000
00000000000000011111100000000000
00000000111011111111100000000000
00000011111111111100000000000000
00000011111111111000000000000000
00000001111111110000000000000000
00000001111111000000000000000000
00000000011110000000000000000000
 
00000000000000011111100000000000
00000000000011111111110000000000
00000000111111111111111100000000
00000000111111111111111110000000
00000000111111111111111110000000
00000000111111111111111110000000
00000000111100000000011100000000
00000000111100000000001000000000
00000001111100000000000000000000
00000001111100000000000000000000
00000001111100000000000000000000
00000001111000000000000000000000
00000001111000000000000000000000
00000001111000000000000000000000
00000001111000000000000000000000
00000001111000000000000000000000
00000001111111000000000000000000
00000001111111111000000000000000
00000000111111111111000000000000
00000000011111111111100000000000
00000000001111111111100000000000
00000000000001111111111000000000
00000000000000000111111000000000
00000000000000000001111110000000
00000000000000000000111110000000
00000000110000000000111110000000
00000001111110000111111100000000
00000001111111111111111100000000
00000000111111111111111000000000
00000000111111111111110000000000
00000000001111111111000000000000
00000000000011111100000000000000
 
00000000000000001111100000000000
00000000000000111111110000000000
00000000001111111111110000000000
00000000011111111111111000000000
00000000111111111111110000000000
00000000111111111111100000000000
00000000111111111111110000000000
00000001111111111111100000000000
00000001111111111100000000000000
00000001111111111100000000000000
00000001111111110000000000000000
00000001111111100000000000000000
00000001111111100000000000000000
00000001111111000000000000000000
00000001111111000000000000000000
00000000111111100000000000000000
00000000111111110000000000000000
00000000011111111000000000000000
00000000001111111100000000000000
00000000001111111110000000000000
00000000000111111110000000000000
00000000000011111111000000000000
00000000000011111111100000000000
00000000000001111111100000000000
00000000000000011111110000000000
00000000000111111111110000000000
00000000001111111111110000000000
00000000001111111111110000000000
00000000011111111111100000000000
00000000001111111111100000000000
00000000000111111111100000000000
00000000000111111000000000000000
 
00000000000000001100000000000000
00000000000001111111000000000000
00000000000111111111100000000000
00000000111111111111100000000000
00000001111111111111110000000000
00000001111111111111110000000000
00000111111111111111000000000000
00000111111111111100000000000000
00000111111111111000000000000000
00000111111111100000000000000000
00000111111100100000000000000000
00000111111000000000000000000000
00000001111110000000000000000000
00000001111111000000000000000000
00000000111111100000000000000000
00000000011111110000000000000000
00000000000111111100000000000000
00000000000111111110000000000000
00000000000001111111100000000000
00000000000000111111110000000000
00000000000000011111111000000000
00000000000000000011111100000000
00000000000000000011111110000000
00000000000000000001111111100000
00000000000000000111111111000000
00000000000000111111111110000000
00000000000111111111111100000000
00000000000111111111111000000000
00000000001111111111110000000000
00000000000111111111100000000000
00000000000011100000000000000000
00000000000000100000000000000000
 
00000000000000001111111110000000
00000000000000111111111111000000
00000000000011111111111111000000
00000000000111111111111111000000
00000000001111111111111111000000
00000000011111111111111010000000
00000000111111111100000000000000
00000000111111000000000000000000
00000001111110000000000000000000
00000001111110000000000000000000
00000011111100000000000000000000
00000011111100000000000000000000
00000011111111111111000000000000
00000111111111111111100000000000
00000111111111111111111000000000
00000011111111111111111110000000
00000001111111111111111111000000
00000000001111111111111111000000
00000000000001111111111111000000
00000000000000000001111111100000
00000000000000000001111111000000
00000000000000000001111111000000
00000000000000000001111111000000
00000000000000000001111111000000
00000000000000000001111111000000
00000000000000000001111111000000
00000000000000000111111110000000
00000000000000011111111100000000
00000000000001111111111000000000
00000000000011111111110000000000
00000000000111111111110000000000
00000000000111111111100000000000
 
00000000000001111111111000000000
00000000001111111111111111000000
00000000011111111111111111100000
00000000111111111111111111100000
00000000111111111111111111110000
00000001111111111111111111111000
00000011111111111111111111110000
00000011111111111000000000100000
00000001111110000000000000000000
00000001111100000000000000000000
00000011111100000000000000000000
00000011111111111000000000000000
00000011111111111100000000000000
00000111111111111100000000000000
00000111111111111110000000000000
00000111111111111110000000000000
00000111111111111111000000000000
00000011111111111111000000000000
00000011111110011111000000000000
00000001111000011111000000000000
00000000000000111110000000000000
00000000000000111110000000000000
00000000000001111110000000000000
00000000000001111110000000000000
00000000000001111100000000000000
00000000000011111100000000000000
00000000000011111100000000000000
00000000001111111000000000000000
00000000011111110000000000000000
00000000011111110000000000000000
00000000001111100000000000000000
00000000000111000000000000000000
 
