00000000000001111000000000000000
00000000000011111110000000000000
00000000001111111111000000000000
00000001111111111111100000000000
00000001111111011111100000000000
00000011111110000011110000000000
00000011111110000000111000000000
00000011111110000000111100000000
00000011111110000000011100000000
00000011111110000000011100000000
00000011111100000000011110000000
00000011111100000000001110000000
00000011111100000000001110000000
00000001111110000000000111000000
00000001111110000000000111000000
00000001111110000000000111000000
00000001111110000000000111000000
00000011111110000000001111000000
00000011110110000000001111000000
00000011110000000000011110000000
00000001111000000000001111000000
00000001111000000000011111000000
00000001111000000000111110000000
00000001111000000001111100000000
00000000111000000111111000000000
00000000111100011111110000000000
00000000111111111111110000000000
00000000011111111111110000000000
00000000011111111111100000000000
00000000001111111110000000000000
00000000000111110000000000000000
00000000000011000000000000000000

00000000000111110000000000000000
00000000001111111000000000000000
00000000011111111100000000000000
00000000111111111110000000000000
00000001111111111111000000000000
00000011111110111111100000000000
00000011111100011111110000000000
00000011111100001111110000000000
00000111111100000111111000000000
00000111111100000011111000000000
00000011111100000001111110000000
00000111111100000000111111000000
00000111111000000000011111000000
00000111111000000000011111100000
00000111111000000000011111100000
00000111111000000000001111100000
00000111111000000000001111100000
00000111111000000000001111100000
00000111111000000000001111100000
00000111111000000000001111100000
00000011111000000000001111100000
00000011111100000000011111100000
00000011111100000000111111000000
00000001111110000000111111100000
00000000111110000001111111000000
00000000111110000011111110000000
00000000111111000111111100000000
00000000111111111111111000000000
00000000111111111111110000000000
00000000011111111111100000000000
00000000001111111111000000000000
00000000000111111110000000000000

00000000011100000011110000000000
00000000111100001111111000000000
00000000111100001111111110000000
00000000111110011111111110000000
00000000111110111111111110000000
00000000111111111111111111000000
00000000111111111110011111000000
00000000111111111000001111100000
00000000111111111000000111100000
00000000111111110000000111100000
00000001111111000000001111000000
00000001111111000000001111000000
00000001111110000000001111000000
00000011111110000000000111000000
00000011111110000000000111000000
00000011111000000000000111000000
00000011111000000000000111000000
00000001111000000000001111000000
00000001111000000000001111000000
00000001111000000000011111000000
00000001111000000000011111000000
00000001111000000001111111000000
00000001111000000011111110000000
00000011111000001111111100000000
00000011111100011111111000000000
00000011111111111111110000000000
00000001111111111111100000000000
00000000111111111111000000000000
00000000111111111110000000000000
00000000111111111100000000000000
00000000001111100000000000000000
00000000000010000000000000000000

00000000000011100000000000000000
00000000011111111000000000000000
00000000011111111110000000000000
00000001111111111111000000000000
00000011111111111111000000000000
00000011111100011111100000000000
00000001111110000011111000000000
00000001111110000001111100000000
00000011111110000001111100000000
00000001111110000000011100000000
00000011111110000000011100000000
00000011111100000000011110000000
00000011111000000000011110000000
00000001111100000000001111000000
00000011111000000000001111000000
00000011111000000000011110000000
00000011111000000000011110000000
00000011111000000000011110000000
00000011111000000000111110000000
00000011111000000000111110000000
00000001111100000000111110000000
00000000111100000001111110000000
00000001111100000011111100000000
00000001111100000111111000000000
00000000111100001111110000000000
00000000111100011111100000000000
00000000111111111111000000000000
00000000011111111111100000000000
00000000011111111111000000000000
00000000011111111110000000000000
00000000001111111000000000000000
00000000000111100000000000000000

00000000000000111000000000000000
00000000000001111000000000000000
00000000000111111110000000000000
00000000000111111111000000000000
00000000011111111111100000000000
00000000011111101111100000000000
00000000111111000011110000000000
00000000111111000011111000000000
00000001111110000000111100000000
00000001111100000000111100000000
00000011111100000000111100000000
00000011111100000000111100000000
00000011110000000000111100000000
00000001111000000000011110000000
00000001111000000000001111000000
00000001111100000000001111000000
00000011111100000000001111000000
00000011111000000000001111000000
00000011111000000000001111000000
00000011111000000000001110000000
00000001111100000000001111000000
00000000111100000000001111000000
00000000111100000000001111000000
00000000111100000000011111000000
00000000111100000000111110000000
00000000111100000001111100000000
00000000011100000011111100000000
00000000001111100111111100000000
00000000000111111111111000000000
00000000000111111111100000000000
00000000000111111111000000000000
00000000000011111100000000000000

00000000000011110000000000000000
00000000001111111000000000000000
00000000011111111110000000000000
00000000011111111111000000000000
00000000111111111111100000000000
00000000111111111111110000000000
00000000111110000011111000000000
00000001111100000000111000000000
00000001111100000000011000000000
00000001111100000000011000000000
00000001111100000000011100000000
00000001111000000000011110000000
00000001111000000000001110000000
00000001111000000000001110000000
00000011111000000000000111000000
00000011111000000000000111000000
00000011111000000000000111000000
00000001111000000000000111000000
00000001111000000000000111000000
00000001111000000000000111000000
00000001111000000000000111000000
00000001111000000000000111000000
00000001111100000000001111000000
00000001111100000000011111000000
00000001111100000000011111000000
00000000111110000000111110000000
00000000111111111111111110000000
00000000111111111111111000000000
00000000011111111111111000000000
00000000011111111111110000000000
00000000000011111111000000000000
00000000000001111100000000000000

00000000000011100000000000000000
00000000000111100000000000000000
00000000001111111100000000000000
00000000111111111111000000000000
00000000111111111111000000000000
00000001111111101111100000000000
00000011111110000111100000000000
00000011111110000011100000000000
00000011111100000011111000000000
00000011111000000011111000000000
00000011111000000001111000000000
00000011110000000000111000000000
00000001111000000000011110000000
00000001111000000000011110000000
00000001111000000000011111000000
00000001111000000000001111000000
00000001111000000000001111000000
00000011111000000000001111000000
00000011111000000000001111000000
00000001111000000000011110000000
00000001111000000000111110000000
00000000111100000000011111000000
00000000111100000000111110000000
00000000111100000001111110000000
00000000111100000011111100000000
00000000011110000111111000000000
00000000011111001111110000000000
00000000011111111111110000000000
00000000001111111111000000000000
00000000001111111110000000000000
00000000000011111110000000000000
00000000000001111000000000000000

00000000001000000000000000000000
00000000011000011110000000000000
00000000111101111111000000000000
00000000011111111111110000000000
00000000111111111111111000000000
00000000111111111111111100000000
00000000111111110000011110000000
00000000111111100000011110000000
00000001111111000000011110000000
00000001111110000000001111000000
00000001111110000000001111000000
00000001111100000000001111000000
00000001111100000000001111000000
00000011111000000000000111000000
00000011111000000000000011000000
00000011111100000000000011000000
00000011111100000000000111000000
00000011111000000000000111000000
00000011111000000000001111000000
00000011110000000000011111000000
00000011110000000000011111000000
00000011100000000000111110000000
00000001100000000001111110000000
00000001110000000011111100000000
00000001111000001111111100000000
00000001111000111111110000000000
00000001111111111111100000000000
00000001111111111111000000000000
00000000111111111110000000000000
00000000111111111000000000000000
00000000001111111000000000000000
00000000000011000000000000000000

00000000000000011000000000000000
00000000000001111100000000000000
00000000000111111111000000000000
00000000000111111111110000000000
00000000011111111111110000000000
00000000111111111111111000000000
00000000111111100001111100000000
00000001111110000000111100000000
00000001111110000000111100000000
00000001111100000000111100000000
00000011111000000000011110000000
00000011110000000000011110000000
00000001111000000000001111000000
00000001111000000000001111000000
00000011111000000000001111000000
00000011111000000000001111000000
00000011111000000000001111000000
00000011111000000000000111000000
00000011111000000000001111000000
00000011111000000000001111000000
00000011111000000000001111000000
00000001111100000000000111100000
00000001111100000000001111000000
00000001111100000000001111000000
00000000111100000000011111000000
00000000111110000000111110000000
00000000011111111111111110000000
00000000001111111111111100000000
00000000001111111111111000000000
00000000000111111111111000000000
00000000000001111111110000000000
00000000000000111111000000000000

00000000000000000100000000000000
00000000000000011110000000000000
00000000000001111111100000000000
00000000000011111111100000000000
00000000000111111111110000000000
00000000000111111111110000000000
00000000011111110000111100000000
00000000111111100000111100000000
00000001111110000000011100000000
00000001111110000000011100000000
00000001111110000000011110000000
00000011111100000000011110000000
00000011111100000000001110000000
00000001111000000000000111000000
00000001111000000000000111000000
00000001111000000000000111000000
00000011111000000000000111000000
00000011111000000000000111000000
00000011110000000000000111000000
00000011110000000000000111000000
00000000111100000000000011100000
00000000111100000000000111100000
00000000111100000000000111100000
00000000111100000000000111100000
00000000111110000000011111000000
00000000011111000000011111000000
00000000011111000000111110000000
00000000000111111111111110000000
00000000000011111111111110000000
00000000000001111111111000000000
00000000000001111111110000000000
00000000000000000100000000000000

00000000000000110000000000000000
00000000000001111100000000000000
00000000000011111110000000000000
00000000010111111111000000000000
00000000111111111111000000000000
00000000111111111111100000000000
00000001111111111111110000000000
00000001111111100011111000000000
00000011111111000011111000000000
00000011111111000001111100000000
00000011111110000000111100000000
00000011111100000000111100000000
00000011111100000000111110000000
00000001111110000000011111000000
00000011111100000000001111000000
00000011111100000000001111000000
00000011111000000000001111000000
00000001111000000000001111000000
00000001111000000000001111000000
00000011111000000000001111000000
00000000111100000000000111100000
00000000111100000000000111100000
00000000111110000000001111000000
00000000111110000000011111000000
00000000111111000000011111000000
00000000111111000000111111000000
00000000011111111011111100000000
00000000000111111111111110000000
00000000000011111111111100000000
00000000000011111111111000000000
00000000000001111111110000000000
00000000000000111111000000000000

00000000000011111000000000000000
00000000000111111100000000000000
00000000001111111110000000000000
00000000001111111111100000000000
00000011001111111111110000000000
00000111111111111111111000000000
00000111111111101111111000000000
00000111111111000011111100000000
00000111111110000001111110000000
00000111111110000001111110000000
00000111111110000001111110000000
00000111111110000000011111000000
00000111111110000000001111000000
00000111111100000000001111000000
00000111110000000000001111000000
00000011110000000000000111100000
00000011110000000000000111100000
00000111110000000000000111100000
00000011111000000000000011110000
00000011111000000000000111110000
00000011111000000000001111110000
00000011111000000000001111110000
00000001111100000000001111110000
00000001111100000000011111110000
00000000111100000000111111100000
00000000111110000001111111100000
00000000011111111111111111100000
00000000011111111111111111000000
00000000011111111111111110000000
00000000001111111111111100000000
00000000000011111111111100000000
00000000000001111111111000000000

00000000000000011110000000000000
00000000000000111111000000000000
00000000000111111111100000000000
00000000011111111111111000000000
00000000011111111111111100000000
00000001111111111111111100000000
00000001111111111001111100000000
00000001111111100000111100000000
00000011111111000000111110000000
00000011111100000000111110000000
00000011111100000000011110000000
00000011111000000000011110000000
00000001111100000000001111000000
00000011111000000000001111000000
00000011111000000000011111000000
00000011111000000000011111000000
00000011111000000000011110000000
00000011111000000000011110000000
00000011111000000000011110000000
00000001111000000000111110000000
00000001111000000000111110000000
00000000111110000000011110000000
00000000111110000000111100000000
00000000111111000001111100000000
00000000011111000001111100000000
00000000011111000011111000000000
00000000001111111111111000000000
00000000001111111111110000000000
00000000000111111111100000000000
00000000000111111111100000000000
00000000000001111111000000000000
00000000000000001000000000000000

00000000000000011100000000000000
00000000000001111110000000000000
00000000000011111111000000000000
00000000000001111111100000000000
00000000000011111111110000000000
00000000000111111111110000000000
00000001100111111001111000000000
00000001111111110001111100000000
00000011111111000000011100000000
00000011111111000000011100000000
00000011111111000000001100000000
00000011111111000000000110000000
00000011111111000000000110000000
00000011111111000000000110000000
00000011100110000000000110000000
00000001110011000000000111000000
00000001100000000000000111000000
00000001110000000000000111000000
00000000111000000000000111100000
00000001111000000000000111000000
00000001111000000000001111000000
00000000111000000000011110000000
00000000011100000000001111000000
00000000011110000000011111000000
00000000011111000000111100000000
00000000001110000011111100000000
00000000000111111111111100000000
00000000000111111111111000000000
00000000000111111111111000000000
00000000000011111111110000000000
00000000000000111111000000000000
00000000000000011000000000000000

00000000000111100000000000000000
00000000001111110000000000000000
00000000011111111000000000000000
00000000011111111100000000000000
00000000011111111110000000000000
00000000111111111111100000000000
00000000111111111111110000000000
00000001111111111111110000000000
00000000111111111111111000000000
00000001111111011111111100000000
00000001111110001000111100000000
00000001111100000000011100000000
00000001111100000000011100000000
00000001111000000000011100000000
00000001111000000000001111000000
00000001111000000000001111000000
00000001111000000000001111000000
00000001111000000000001110000000
00000001111000000000001110000000
00000000111100000000000111000000
00000000111000000000000111100000
00000000111000000000001111100000
00000001111000000000011111000000
00000001111000000000111111000000
00000001111000000011111110000000
00000000011110000111111111000000
00000000011111111111111111000000
00000000011111111111111110000000
00000000011111111111111100000000
00000000011111111111110000000000
00000000000111111111110000000000
00000000000011111111000000000000

00000000000010000000000000000000
00000000000111000111000000000000
00000000001111111111100000000000
00000000111111111111100000000000
00000000111111111111110000000000
00000000111111111111111000000000
00000000111111111111111100000000
00000000111111111101111100000000
00000000111111110000111100000000
00000001111111100000001110000000
00000001111100000000001110000000
00000001111000000000001110000000
00000001111000000000001110000000
00000000111000000000000111000000
00000001111000000000000111000000
00000001111000000000000111000000
00000001111000000000001111000000
00000011110000000000001111000000
00000011110000000000011110000000
00000011110000000000011110000000
00000001111000000000011111000000
00000001111000000000111111000000
00000001111000000001111110000000
00000001111100000011111110000000
00000001111100000111111100000000
00000001111111111111111100000000
00000000111111111111111000000000
00000000011111111111111000000000
00000000011111111111110000000000
00000000001111111111000000000000
00000000001111111110000000000000
00000000000011111000000000000000

00000000000011000000000000000000
00000000000111100000000000000000
00000000001111110000000000000000
00000000001111111000000000000000
00000000011111111000000000000000
00000000011111111000000000000000
00000000111111111000000000000000
00000000011111111111100000000000
00000000111111111111111000000000
00000000111111111111111000000000
00000001111111111111111000000000
00000000111111111111111110000000
00000000111111110000111110000000
00000001111111100000011110000000
00000001111111100000011110000000
00000000111100000000001111000000
00000001111100000000000111000000
00000001111100000000000111000000
00000000111100000000000011100000
00000000111100000000000111100000
00000001111100000000000111100000
00000001111000000000001111100000
00000000111100000000000111110000
00000000111100000000001111110000
00000000111100000000111111100000
00000000111100000011111111000000
00000000011111000011111111100000
00000000011111101111111110000000
00000000001111111111111000000000
00000000001111111111110000000000
00000000000011111111110000000000
00000000000000011110000000000000

00000000000001110000000000000000
00000000000111111100000000000000
00000000000111111100000000000000
00000000000111111110000000000000
00000000001111111111000000000000
00000000111111111110000000000000
00000000111111111110000000000000
00000000011111110000000000000000
00000001111111000000000000000000
00000001111111000000000000000000
00000011111110000010000000000000
00000001111110011111111000000000
00000001111110111111111000000000
00000001111100111111111100000000
00000011111100111111111100000000
00000001111100011111111111000000
00000001111000011111111111000000
00000001111000001100011111000000
00000000111000000000000111100000
00000000111000000000000011100000
00000000111000000000000011100000
00000001111100000000000011100000
00000000111110000000000001110000
00000000011110000000000011110000
00000000011111100000011111110000
00000000011111111111111111110000
00000000001111111111111111110000
00000000000111111111111111110000
00000000000111111111111111100000
00000000000111111111111111000000
00000000000000111111111111000000
00000000000000000111111100000000

00000000000010000000000000000000
00000000000111000000000000000000
00000000001111000000000000000000
00000000001111100000000000000000
00000000001111110100000000000000
00000000011111111111100000000000
00000000011111111111111000000000
00000000111111111111111000000000
00000000011111111111111100000000
00000000111111111111111110000000
00000000111111111111111110000000
00000000111111100001111110000000
00000001111100000000011110000000
00000001111000000000011110000000
00000000111100000000001111000000
00000001111100000000001111000000
00000001111000000000001111000000
00000001111000000000001111000000
00000001111000000000001111000000
00000000111100000000000111100000
00000001111100000000001111100000
00000001111100000000001111100000
00000001111100000000111111100000
00000001111100000001111111100000
00000001111100000011111111000000
00000000111111111111111111100000
00000000111111111111111111000000
00000000011111111111111111000000
00000000011111111111111110000000
00000000001111111111111000000000
00000000000111111111110000000000
00000000000000111010000000000000

00000000000011000000000000000000
00000000000111100000000000000000
00000000001111100000000000000000
00000000011111100000000000000000
00000000011111100000000000000000
00000000111111100000000000000000
00000000111111100000100000000000
00000001111111100011111000000000
00000001111000111111111100000000
00000011111000011111111100000000
00000001111000001111111111000000
00000001111000001111111111000000
00000001111000001111111111000000
00000001110000001110000111000000
00000001110000001000000111000000
00000011110000000000000111000000
00000011110000000000000111000000
00000011110000000000000111000000
00000011110000000000000111000000
00000011110000000000000111000000
00000011110000000000000111000000
00000011110000000000000111000000
00000011110000000000000111000000
00000001111000000000000111100000
00000000111100000000011111000000
00000000111100000001111111000000
00000000111111111111111111000000
00000000011111111111111110000000
00000000011111111111111100000000
00000000001111111111111000000000
00000000000111111111110000000000
00000000000011111111000000000000

00000000000011111000000000000000
00000000000111111110000000000000
00000000001111111111000000000000
00000000011111111111100000000000
00000000111111111111110000000000
00000000011111111111111000000000
00000000111111111111111100000000
00000000111111000011111100000000
00000001111110000011111100000000
00000001111110000011111100000000
00000000111111000001111110000000
00000000111111000000111110000000
00000000111110000001111110000000
00000000111110000001111110000000
00000000011110000000111111000000
00000000111110000000111111000000
00000000111110000000111111000000
00000000111110000000111111000000
00000001111110000001111110000000
00000000111111000000111110000000
00000000111110000011111110000000
00000001111100000111111100000000
00000001111100000111111000000000
00000000111110000111111000000000
00000000111100000111110000000000
00000000111100001111110000000000
00000000111100011111100000000000
00000000111111111111000000000000
00000000001111111110000000000000
00000000001111111100000000000000
00000000001111111100000000000000
00000000000111110000000000000000

00000000000000011110000000000000
00000000000011111111100000000000
00000000000111111111110000000000
00000000000011111111111100000000
00000000000111111111111100000000
00000000001111111111111100000000
00000000011111110001111100000000
00000000011111000000011110000000
00000000111111000000011110000000
00000000111110000000011110000000
00000001111110000000001110000000
00000001111110000000001110000000
00000001111111000000000111000000
00000001111111000000000111000000
00000001111001000000000111000000
00000011110000000000000111000000
00000011110000000000000111000000
00000011110000000000001111000000
00000011110000000000001111000000
00000011110000000000001111000000
00000011110000000000001110000000
00000001111100000000001111000000
00000000111100000000001111000000
00000000111110000000011111000000
00000000111111000000111111000000
00000000111111100001111110000000
00000000011111111111111110000000
00000000001111111111111100000000
00000000001111111111111100000000
00000000000111111111111000000000
00000000000001111111110000000000
00000000000000111111100000000000

00000000000001111000000000000000
00000000000011111110000000000000
00000000000111111110000000000000
00000000011111111111110000000000
00000000011111111111110000000000
00000000111111111111110000000000
00000000111111111111111000000000
00000000111111100011111100000000
00000000111110000000111100000000
00000001111111000000111100000000
00000001111110000000111100000000
00000000111111000000011110000000
00000000111111000000011110000000
00000001111111000000011110000000
00000001111100000000011110000000
00000000111110000000001111000000
00000001111110000000001111000000
00000001111110000000001111000000
00000000111111000000000111100000
00000000111100000000001111000000
00000000111100000000001111000000
00000000111100000000011111000000
00000000011110000000001111100000
00000000111110000000011111000000
00000000111111000000111110000000
00000000011111100001111110000000
00000000001111111111111110000000
00000000001111111111111110000000
00000000000111111111111100000000
00000000000111111111111000000000
00000000000000111111110000000000
00000000000000001111100000000000

00000000000000001000000000000000
00000000000011111110000000000000
00000000000111111111000000000000
00000000001111111111100000000000
00000000111111111111110000000000
00000000111111111111110000000000
00000000011111111111111000000000
00000000111111100001111100000000
00000000111111000000111100000000
00000001111111000000111100000000
00000001111100000000011110000000
00000001111100000000011110000000
00000011111110000000001110000000
00000001111111000000000111000000
00000001111110000000000111000000
00000001111010000000000111000000
00000011110000000000000111000000
00000011110000000000000111000000
00000011110000000000000111000000
00000011110000000000000111000000
00000001111000000000000111100000
00000001111000000000000111100000
00000001111100000000001111100000
00000001111100000000011111000000
00000000111110000000111110000000
00000000111111001111111110000000
00000000111111111111111100000000
00000000001111111111111110000000
00000000001111111111111000000000
00000000000111111111100000000000
00000000000011111111000000000000
00000000000000110000000000000000

00000000001111100000000000000000
00000000011111111100000000000000
00000000011111111110000000000000
00000000011111111111000000000000
00000000111111111111110000000000
00000000011111111111110000000000
00000000011100000111111000000000
00000000011110000011111000000000
00000000011110000001111100000000
00000000111110000000011100000000
00000000011111000000001110000000
00000000011111000000001111000000
00000001111100000000000111000000
00000001111000000000000111000000
00000001111000000000000111000000
00000001110000000000000111000000
00000011110000000000000111000000
00000011110000000000000111000000
00000011110000000000000111000000
00000011100000000000001111000000
00000011110000000000011110000000
00000011110000000001111110000000
00000011110000000011111100000000
00000001110000000011111110000000
00000001111000001111111100000000
00000001111000111111111000000000
00000000111111111111110000000000
00000000111111111111100000000000
00000000111111111100000000000000
00000000011111111000000000000000
00000000011111100000000000000000
00000000001110000000000000000000

00000000000111111000000000000000
00000000001111111100000000000000
00000000011111111110000000000000
00000000011111111111000000000000
00000000001111111111000000000000
00000000001111111111000000000000
00000000000010011111100000000000
00000000000000000111100000000000
00000000011000000011111000000000
00000000011100000011111000000000
00000000111100000000111000000000
00000000111100000000111100000000
00000001111100000000111100000000
00000001111100000000011100000000
00000001111100000000011110000000
00000001111100000000011110000000
00000001111100000000011110000000
00000011111000000000011110000000
00000011111000000000001111000000
00000011110000000000001111000000
00000011110000000000011111000000
00000011111000000000011111000000
00000011111100000000011111000000
00000011111101000011111111000000
00000011111111111111111110000000
00000001111111111111111110000000
00000001111111111111111100000000
00000001111111111111111100000000
00000000111111111111111100000000
00000000011111111111111000000000
00000000001111111111100000000000
00000000000011111110000000000000

00000000000001110000000000000000
00000000000111110000000000000000
00000000011111111100000000000000
00000000011111111111000000000000
00000000011111111111000000000000
00000000001111111111100000000000
00000000000000001111111000000000
00000000000000000011111000000000
00000000001000000011111000000000
00000000011000000011111100000000
00000000001110000000011110000000
00000000001110000000011110000000
00000000011110000000011110000000
00000000011110000000011110000000
00000000111110000000011110000000
00000000111100000000011110000000
00000000111100000000011111000000
00000000111100000000011110000000
00000001111100000000111110000000
00000001111100000001111110000000
00000001111000000001111110000000
00000001111000000001111110000000
00000011111000000111111100000000
00000001111100000011111110000000
00000001111100000111111100000000
00000000111110001111111100000000
00000000111111111111111000000000
00000000111111111111110000000000
00000000011111111111100000000000
00000000011111111111000000000000
00000000001111111100000000000000
00000000000111100000000000000000

00000000000000011111000000000000
00000000000001111111000000000000
00000000001111111111100000000000
00000000001111111111111000000000
00000000011111111111111100000000
00000000111111110101111100000000
00000000111111110000111100000000
00000000111111100000011100000000
00000000111111100000001110000000
00000001111111100000001110000000
00000001111111100000001110000000
00000001111101100000001110000000
00000001111100110000000111000000
00000001111000100000000111000000
00000001110000000000000111000000
00000001110000000000000111000000
00000001110000000000001111000000
00000001110000000000001111000000
00000011110000000000001111000000
00000001110000000000011110000000
00000001110000000000011110000000
00000000111000000000011111000000
00000000111000000000011110000000
00000000111100000000111110000000
00000000111110000011111100000000
00000000011110001111111000000000
00000000011111111111110000000000
00000000011111111111110000000000
00000000001111111111100000000000
00000000001111111111000000000000
00000000000001111110000000000000
00000000000000011100000000000000

00000000111100000000000000000000
00000000111111000000000000000000
00000001111111100000000000000000
00000001111111110000000000000000
00000001111111110000000000000000
00000001111111111100000000000000
00000000111111111111000000000000
00000000111111111111100000000000
00000000000111111111110000000000
00000000000000111111111100000000
00000000000000011111111000000000
00000000000000001111111100000000
00000000000000001111111100000000
00000000100000000111111110000000
00000000110000000001111110000000
00000001110000000000111110000000
00000001110000000000011110000000
00000001110000000000011111000000
00000001110000000000011111000000
00000001110000000000011111000000
00000001110000000000011111000000
00000001111000000000111110000000
00000001111000000001111110000000
00000011110000001111111100000000
00000011111000111111111100000000
00000011111111111111111000000000
00000011111111111111110000000000
00000011111111111111100000000000
00000011111111111111100000000000
00000001111111111110000000000000
00000000111111111000000000000000
00000000011111100000000000000000

00000000000000000110000000000000
00000000000001000111000000000000
00000000000111001111100000000000
00000000000111111111110000000000
00000000001111111111111000000000
00000000011111111111111000000000
00000000001111111110111100000000
00000000011111111000011100000000
00000000011111111000011110000000
00000000111111110000011110000000
00000000111100100000011110000000
00000000111100000000011110000000
00000000111100000000011110000000
00000000111100000000001111000000
00000000111100000000000111000000
00000001111000000000001111000000
00000001111000000000001111000000
00000001110000000000011110000000
00000001110000000000011110000000
00000011100000000000111110000000
00000001110000000000011111000000
00000000110000000000111110000000
00000000111000000000111110000000
00000000111100000001111100000000
00000000111110000111111000000000
00000000111111111111111000000000
00000000111111111111110000000000
00000000001111111111110000000000
00000000001111111111110000000000
00000000000111111111100000000000
00000000000001111111000000000000
00000000000000111100000000000000

00000000000000111111100000000000
00000000000000111111110000000000
00000000001111111111110000000000
00000000001111111111111100000000
00000000001111111111111100000000
00000000011111100000111110000000
00000000111111000000011110000000
00000000111110000000011110000000
00000000111110000000011110000000
00000001111100000000011110000000
00000011111000000000011110000000
00000011110000000000011110000000
00000001111000000000001111000000
00000001111000000000001111000000
00000001111000000000001111000000
00000001111000000000001111000000
00000001111000000000001111000000
00000011111000000000001111000000
00000001111000000000011111000000
00000011111000000000011110000000
00000011111000000000111100000000
00000001111100000000111110000000
00000000111100000000111110000000
00000000111100000011111110000000
00000000111110000111111100000000
00000000111111111111111000000000
00000000111111111111111000000000
00000000111111111111100000000000
00000000011111111111000000000000
00000000001111111110000000000000
00000000000111111110000000000000
00000000000001110000000000000000

00000000000001111111000000000000
00000000000111111111100000000000
00000000001111111111110000000000
00000000000111111111111000000000
00000000011111111111111100000000
00000000011111111111111100000000
00000000111111110000011110000000
00000000111111100000011110000000
00000001111111000000001110000000
00000011111000000000001110000000
00000011111000000000001110000000
00000011110000000000001110000000
00000001110000000000000111000000
00000011110000000000000111000000
00000011110000000000000111000000
00000011110000000000001111000000
00000011110000000000001111000000
00000011110000000000001111000000
00000011110000000000001111000000
00000011110000000000011111000000
00000011110000000000011110000000
00000001111000000000001111000000
00000000111000000000001111000000
00000000111000000000011111000000
00000000111100000000011110000000
00000000111110000001111110000000
00000000111111000111111100000000
00000000011111111111111000000000
00000000011111111111110000000000
00000000001111111111110000000000
00000000000011111111110000000000
00000000000000000110000000000000

00000000000000000000010000000000
00000000000011100001111100000000
00000000000111100011111100000000
00000000011111101111111110000000
00000000111111101111111110000000
00000000111111000011111110000000
00000000111110000000011110000000
00000001111100000000011110000000
00000001111100000000011111000000
00000011111000000000001111000000
00000011111000000000001111000000
00000011111000000000011111000000
00000011110000000000011111000000
00000011110000000000011111000000
00000011100000000000011111000000
00000011100000000000011110000000
00000011100000000000011110000000
00000011100000000000011110000000
00000011100000000000011110000000
00000011110000000000111110000000
00000011110000000000111110000000
00000011110000000001111110000000
00000011111000000011111110000000
00000011111000000011111110000000
00000001111100000111111100000000
00000000111111111111111000000000
00000000111111111111110000000000
00000000011111111111100000000000
00000000001111111111100000000000
00000000000111111111000000000000
00000000001111111000000000000000
00000000000001100000000000000000

00000000000000111000000000000000
00000000000001111000000000000000
00000000000111111100000000000000
00000000000111111111000000000000
00000000011111111111100000000000
00000000011111111111110000000000
00000000011111111111111100000000
00000000011111101111111100000000
00000000111111000111111110000000
00000000111110000000011110000000
00000001111100000000011110000000
00000001111100000000011110000000
00000011111100000000011110000000
00000001111000000000001111000000
00000001111000000000001111000000
00000001111000000000001111000000
00000001110000000000011111000000
00000011110000000000011110000000
00000011110000000000011100000000
00000011110000000000111100000000
00000001111000000000011110000000
00000001111000000000111110000000
00000001111100000000111100000000
00000000111100000001111100000000
00000000111110000011111100000000
00000000111110000011111000000000
00000000111111111111110000000000
00000000001111111111111000000000
00000000000111111111110000000000
00000000000111111111100000000000
00000000000001111110000000000000
00000000000000111000000000000000

00000000000000011111000000000000
00000000000001111111000000000000
00000000000011111111100000000000
00000000000111111111110000000000
00000000000111111111110000000000
00000000000111111111110000000000
00000000001111000000111100000000
00000000011110000000111100000000
00000000111110000000111100000000
00000000111100000000011100000000
00000001111000000000111100000000
00000001111000000000011110000000
00000001111000000000011110000000
00000001111000000000011111000000
00000001111100000000011111000000
00000001111100000000001111000000
00000001111000000000001111000000
00000001111000000000000111000000
00000001111000000000000111000000
00000000111100000000000111000000
00000000111100000000000111000000
00000000011110000000000111000000
00000000011111000000011111000000
00000000011110000000111110000000
00000000011111000000111110000000
00000000011111100000111100000000
00000000001111111111111000000000
00000000001111111111111000000000
00000000000111111111111000000000
00000000000011111111110000000000
00000000000000011111100000000000
00000000000000000110000000000000

00000000000001111111111000000000
00000000000011111111111100000000
00000000000111111111111110000000
00000000011111111111111110000000
00000000111111111111111110000000
00000000111111111111111111000000
00000000111111100011111111100000
00000000111110000000011111100000
00000001111110000000011111000000
00000001111110000000001111100000
00000000111110000000001111100000
00000000111111000000001111100000
00000000111111000000001111100000
00000000011111000000001111100000
00000000111110000000001111000000
00000000111110000000001111000000
00000000111110000000011111000000
00000000111110000000011111000000
00000000111111100000011111000000
00000001111111000000111100000000
00000001111111000001111100000000
00000001111111000001111100000000
00000000111111100001111100000000
00000000111111100001111100000000
00000000011111111111111000000000
00000000011111111111110000000000
00000000011111111111110000000000
00000000000111111111100000000000
00000000000111111111100000000000
00000000000111111111100000000000
00000000000011111110000000000000
00000000000000111000000000000000

00000000000000011100000000000000
00000000000000011110000000000000
00000000000001111111100000000000
00000000000111111111000000000000
00000000001111111111100000000000
00000000001111111111100000000000
00000000011111000111111000000000
00000000111110000011111100000000
00000000111100000001111110000000
00000000111100000001111110000000
00000001111000000001111110000000
00000001111100000001111110000000
00000011111000000000111110000000
00000011110000000000011110000000
00000011110000000000011111000000
00000011110000000000011111000000
00000011110000000000011111000000
00000011111000000000001111000000
00000000111000000000001111000000
00000001111100000000001111000000
00000000111100000000001111000000
00000000111100000000001111000000
00000000111110000000001111000000
00000000011111000000001111000000
00000000001111000000001111000000
00000000001111110000001111000000
00000000001111110000011111000000
00000000000011111111111110000000
00000000000011111111111110000000
00000000000001111111111110000000
00000000000001111111111000000000
00000000000000011111110000000000

00000000000001110000000000000000
00000000000011111110000000000000
00000000000111111111000000000000
00000000000111111111100000000000
00000000001111111111110000000000
00000000001111111111111000000000
00000000001111001111111110000000
00000000011111000011111110000000
00000000011110000001111110000000
00000000111110000000011111000000
00000001111100000000011110000000
00000001111100000000011111000000
00000011111100000000011111000000
00000011111100000000001111000000
00000011111100000000001111000000
00000001111100000000001111000000
00000001111100000000001111000000
00000001111100000000001111000000
00000001111100000000011111000000
00000001111100000000011110000000
00000001111100000000011110000000
00000001111100000000111110000000
00000000111111000000111100000000
00000001111110000011111000000000
00000000111111000011111000000000
00000000111111111111111000000000
00000000111111111111110000000000
00000000001111111111100000000000
00000000001111111111100000000000
00000000000111111111000000000000
00000000000001111110000000000000
00000000000000001100000000000000

00000000000000011110000000000000
00000000000001111111100000000000
00000000000011111111110000000000
00000000001111111111110000000000
00000000001111111111111000000000
00000000001111000011111110000000
00000000011111000011111110000000
00000000111110000001111110000000
00000000111110000000111110000000
00000000111100000000111110000000
00000000111100000000111110000000
00000000111000000000011110000000
00000001111000000000111100000000
00000001110000000000011110000000
00000001110000000000011110000000
00000001111000000000011110000000
00000001111000000000011111000000
00000001111000000000011111000000
00000001111100000000011111000000
00000000111100000000011111000000
00000000011110000000011111000000
00000000111100000000011110000000
00000000111110000000011110000000
00000000111110000000111110000000
00000000011111000000111110000000
00000000011111100000111110000000
00000000001111111000111100000000
00000000001111111111111100000000
00000000000111111111111000000000
00000000000011111111111000000000
00000000000001111111100000000000
00000000000000111111100000000000

00000000000000001111100000000000
00000000000000111111111000000000
00000000000001111111111100000000
00000000000011111111111000000000
00000000000111111111111110000000
00000000000111111111111110000000
00000000001111111111111111000000
00000000001111100000111111000000
00000000111111100000011111100000
00000000111111000000001111100000
00000000111111100000001111100000
00000000111111100000001111100000
00000011111110000000001111000000
00000001111110000000001111000000
00000001111110000000001111000000
00000001111100000000001111000000
00000001111100000000001111000000
00000001111100000000001111000000
00000001111100000000001111000000
00000001111100000000001111000000
00000001111110000000001111000000
00000001111110000000011110000000
00000000111111000000011110000000
00000000111111100000111110000000
00000000111111110011111110000000
00000000011111111111111100000000
00000000001111111111111100000000
00000000001111111111111100000000
00000000000111111111111000000000
00000000000001111111111000000000
00000000000000111111000000000000
00000000000000000100000000000000

00000000001111111000000000000000
00000000011111111100000000000000
00000000011111111110000000000000
00000000111111111111000000000000
00000000111111111111100000000000
00000001111110011111110000000000
00000001111100000111111000000000
00000001111100000111111000000000
00000001111100000011111100000000
00000011111100000001111110000000
00000011111000000000111110000000
00000011111000000000011110000000
00000011111000000000001111000000
00000011111000000000001111000000
00000011111000000000001111100000
00000111111000000000001111100000
00000011111000000000000111100000
00000011111000000000000111100000
00000011111000000000000111100000
00000011111000000000000111100000
00000011111000000000000111100000
00000011111000000000000111100000
00000011111000000000000111100000
00000001111100000000001111100000
00000001111100000000001111100000
00000001111110000000011111100000
00000000111111000000111111000000
00000000111111100011111110000000
00000000011111111111111100000000
00000000011111111111111100000000
00000000001111111111111000000000
00000000000111111111110000000000

00000000011111111100000000000000
00000000111111111110000000000000
00000000111111111111000000000000
00000000111111111111110000000000
00000000111111001111111000000000
00000001111100000111111100000000
00000001111100000011111110000000
00000001111000000001111110000000
00000011111000000000011111000000
00000011111000000000011111000000
00000011111000000000001111000000
00000011111000000000001111000000
00000011111000000000000111100000
00000011111000000000000111100000
00000011111000000000000111100000
00000011111000000000000111100000
00000011111000000000000111100000
00000111111000000000000111100000
00000011111000000000000111100000
00000011111000000000000111100000
00000011111000000000000111100000
00000011111000000000001111000000
00000011111000000000001111000000
00000011111000000000111110000000
00000011111000000001111110000000
00000011111100000011111110000000
00000001111100001111111100000000
00000001111111111111110000000000
00000000111111111111100000000000
00000000111111111111100000000000
00000000001111111111100000000000
00000000001111111110000000000000

00000000000011111000000000000000
00000000001111111110000000000000
00000000011111111111000000000000
00000000011111111111100000000000
00000000111111111111110000000000
00000000111110001111111000000000
00000001111100000111111100000000
00000011111000000011111100000000
00000011111000000001111110000000
00000011111000000000111110000000
00000111111000000000111111000000
00000111111000000000011111000000
00000111111000000000001111100000
00000111110000000000001111100000
00000111110000000000001111100000
00000111110000000000000111100000
00000111110000000000001111100000
00000111110000000000000111100000
00000111111000000000000111100000
00000111111000000000000111100000
00000011111000000000000111100000
00000011111000000000001111100000
00000011111100000000001111100000
00000011111100000000001111100000
00000001111110000000011111000000
00000001111110000000111111000000
00000001111111100001111110000000
00000000111111111111111100000000
00000000011111111111111000000000
00000000011111111111111000000000
00000000001111111111111000000000
00000000000111111111110000000000

00000000000011111111100000000000
00000000000111111111110000000000
00000000001111111111111000000000
00000000011111111111111100000000
00000000011111111111111100000000
00000000111111111001111110000000
00000000111111000000111110000000
00000001111110000000011110000000
00000001111110000000011111000000
00000001111110000000001111100000
00000011111100000000011111000000
00000111111100000000011111000000
00000111111100000000011111000000
00000111111100000000001111100000
00000111111000000000001111100000
00000111111000000000001111100000
00000011111100000000001111100000
00000011111100000000001111100000
00000011111100000000001111100000
00000011111100000000001111100000
00000001111110000000001111100000
00000001111110000000001111100000
00000001111111000000001111100000
00000001111110000000011111000000
00000001111111000000111110000000
00000000111111100000111110000000
00000000011111110011111110000000
00000000011111111111111100000000
00000000001111111111111000000000
00000000001111111111110000000000
00000000000111111111100000000000
00000000000001111111000000000000

00000000000001111111110000000000
00000000000011111111111000000000
00000000000011111111111100000000
00000000000111111111111110000000
00000000000111111011111111000000
00000000001111110000111111000000
00000001111111000000011111000000
00000011111110000000001111100000
00000111111000000000001111100000
00000111111000000000001111100000
00000111111100000000001111100000
00000111111000000000001111100000
00000111111000000000001111100000
00000011111100000000001111100000
00000011111100000000001111100000
00000011111100000000001111100000
00000001111100000000001111100000
00000001111100000000001111100000
00000001111110000000001111100000
00000001111110000000001111100000
00000001111111000000001111100000
00000001111111000000001111100000
00000000111111000000001111100000
00000000011111100000001111100000
00000000011111110000011111000000
00000000011111110000011111000000
00000000001111111000111111000000
00000000001111111111111111000000
00000000000111111111111110000000
00000000000011111111111100000000
00000000000001111111111100000000
00000000000000011111111000000000

00000000000111111100000000000000
00000000001111111111000000000000
00000000011111111111100000000000
00000000001111111111111000000000
00000000011111111111111000000000
00000000111111000111111100000000
00000000111110000001111110000000
00000001111100000001111110000000
00000011111000000000111111000000
00000011111000000000011111000000
00000011111000000000011111000000
00000011110000000000001111100000
00000001000000000000001111100000
00000011100000000000001111100000
00000111110000000000000111100000
00000111110000000000000111100000
00000111110000000000000111100000
00000011110000000000000111100000
00000011110000000000000111100000
00000011110000000000000111100000
00000011111000000000001111100000
00000011111000000000001111100000
00000011111000000000001111100000
00000011111000000000011111100000
00000001111100000000011111000000
00000001111110000001111111000000
00000001111110000011111110000000
00000000111111111111111100000000
00000000111111111111111100000000
00000000011111111111111000000000
00000000000111111111111000000000
00000000000011111111110000000000

00000000000000110000000000000000
00000000000111111110000000000000
00000000000111111111100000000000
00000000011111111111110000000000
00000000111111111111111000000000
00000000111111111111111000000000
00000001111111111111111100000000
00000001111100111111111100000000
00000001111100111100111110000000
00000001111000110000011110000000
00000001111000000000011110000000
00000001111000000000011110000000
00000011110000000000001111000000
00000011110000000000001111000000
00000011110000000000001111000000
00000011111000000000001111000000
00000011110000000000000111000000
00000011110000000000001111000000
00000011111000000000001111000000
00000011111000000000001111000000
00000001111000000000001111000000
00000001111000000000001111000000
00000001111000000000001111000000
00000001111100000000011111000000
00000000111110000000011111000000
00000000111110000000011111000000
00000000011111100000111110000000
00000000011111111111111110000000
00000000001111111111111100000000
00000000000111111111111000000000
00000000000111111111100000000000
00000000000011111111000000000000

00000000000000011111000000000000
00000000000011111111100000000000
00000000000111111111111000000000
00000000011111111111111000000000
00000000011111111111111000000000
00000000111111111111111100000000
00000000111111111111111100000000
00000001111110001111111110000000
00000001111100001110111110000000
00000001111000001100111110000000
00000001111000001100011110000000
00000011111000000000011110000000
00000001111000000000001111000000
00000011110000000000001110000000
00000001110000000000001111000000
00000011110000000000001111000000
00000001110000000000001111000000
00000011111000000000001111000000
00000001111000000000001111000000
00000001111000000000001111000000
00000001111000000000001111000000
00000001111000000000001111000000
00000001111000000000001111000000
00000001111100000000001111000000
00000000111111000000111111000000
00000000111111000000111110000000
00000000011111110011111110000000
00000000011111111111111100000000
00000000001111111111111000000000
00000000000111111111110000000000
00000000000011111111000000000000
00000000000011111110000000000000

00000000000001110000000000000000
00000000000111111110000000000000
00000000001111111111000000000000
00000000011111111111111000000000
00000000011111111111111000000000
00000000011111111111111000000000
00000000111111111111111100000000
00000001111111111111111100000000
00000001111100101011111100000000
00000001111100000011111100000000
00000001111100000011111110000000
00000001111100000011111110000000
00000011111100000000111110000000
00000011111100000000011111000000
00000001111100000000011111000000
00000001111100000000011111000000
00000001111100000000011111000000
00000001111000000000011111000000
00000001111000000000011111000000
00000011111000000000011111000000
00000001111100000000011111000000
00000001111100000000011111000000
00000001111100000000111111000000
00000001111110000000111111000000
00000000111110000000111110000000
00000000111110000011111100000000
00000000011111111111111100000000
00000000011111111111111000000000
00000000001111111111111000000000
00000000001111111111110000000000
00000000000001111111110000000000
00000000000000111111100000000000

00000000000001100000000000000000
00000000001111111000000000000000
00000000001111111111100000000000
00000000011111111111110000000000
00000000011111111111111000000000
00000000111111011111111100000000
00000000111100001111111100000000
00000000111100000111111110000000
00000001111000000110111110000000
00000001111000000100011110000000
00000001111000000000011111000000
00000001111000000000011111000000
00000001111000000000001111000000
00000001111000000000001111000000
00000001111000000000001111000000
00000001111000000000001111000000
00000011110000000000000111000000
00000001110000000000000111000000
00000001110000000000000111000000
00000001110000000000001111000000
00000001111000000000001111000000
00000001111000000000001111000000
00000001111000000000001111000000
00000001111000000000001110000000
00000001111000000000011110000000
00000001111100000000111110000000
00000000111111000011111100000000
00000000111111111111111100000000
00000000011111111111111000000000
00000000001111111111111000000000
00000000000111111111110000000000
00000000000001111111000000000000

00000000000001100000000000000000
00000000001111111100000000000000
00000000001111111110000000000000
00000000001111111111100000000000
00000000011111111111110000000000
00000000011111111111111000000000
00000000111110000111111000000000
00000000111100000011111100000000
00000000111100000001111100000000
00000000111000000001111100000000
00000001111000000000111110000000
00000001111000000000011110000000
00000001110000000000001110000000
00000001110000000000001110000000
00000001110000000000001110000000
00000011110000000000001110000000
00000011110000000000001111000000
00000011110000000000000111000000
00000011110000000000000111000000
00000011110000000000000111000000
00000011110000000000000111000000
00000011111000000000000110000000
00000001111000000000001110000000
00000001111000000000001110000000
00000000111100000000001110000000
00000000111110000000011110000000
00000000111111000000111110000000
00000000011111111111111100000000
00000000011111111111111100000000
00000000001111111111111000000000
00000000000001111111110000000000
00000000000000011111110000000000

00000000000000000000000000000000
00000000001111111000000000000000
00000000011111111100000000000000
00000000011111111111000000000000
00000000011111111111110000000000
00000000011111001111111100000000
00000000111110001111111100000000
00000000111110000111111100000000
00000000111100000111111100000000
00000001111100000011111100000000
00000001111000000001111110000000
00000001111000000000011110000000
00000001111000000000011111000000
00000001111000000000001111000000
00000001111000000000001111000000
00000011110000000000001111000000
00000011110000000000000111000000
00000011110000000000000111000000
00000011110000000000000111000000
00000011110000000000001111000000
00000011110000000000001111000000
00000001111000000000001111000000
00000001111000000000001111000000
00000001111000000000001111000000
00000001111000000000001111000000
00000000111100000000111110000000
00000000111100000000111110000000
00000000111111000011111110000000
00000000011111111111111100000000
00000000001111111111111110000000
00000000000111111111111000000000
00000000000001111111100000000000

00000000000111000000000000000000
00000000001111100000000000000000
00000000011111111110000000000000
00000000011111111110000000000000
00000000011111111110000000000000
00000000111111111111100000000000
00000000111111111111110000000000
00000000111111111111110000000000
00000001111100100011111000000000
00000001111000000001111000000000
00000001111000000000111100000000
00000001111000000000111100000000
00000011110000000000111110000000
00000001111000000000001111000000
00000001111000000000001111000000
00000001111000000000001111000000
00000011110000000000001111000000
00000011110000000000001111000000
00000011110000000000001110000000
00000011110000000000001110000000
00000001111000000000000111000000
00000001111000000000001111000000
00000001111000000000001111000000
00000001111000000000001110000000
00000001111000000000111100000000
00000001111000000001111100000000
00000000111100000011111100000000
00000000011111111111111100000000
00000000011111111111111000000000
00000000011111111111111000000000
00000000001111111111110000000000
00000000000011111000000000000000

00000000000010000000000000000000
00000000001111000000000000000000
00000000001111100000000000000000
00000000011111111100000000000000
00000000111111111111100000000000
00000001111111111111110000000000
00000001111111111111111000000000
00000001111111111111111100000000
00000001111111111111111100000000
00000001111111111111111100000000
00000001111111000111111110000000
00000011111111000000111110000000
00000001111000000000011111000000
00000011111000000000001111000000
00000011111000000000001111000000
00000001111000000000001111000000
00000001111000000000001111000000
00000001111000000000001111000000
00000001111000000000001111000000
00000001111000000000001111000000
00000001111100000000001111000000
00000001111100000000001111000000
00000001111100000000001111000000
00000001111100000000001111000000
00000001111110000000011111000000
00000000111111000111111111000000
00000000111111101111111110000000
00000000111111111111111110000000
00000000001111111111111000000000
00000000001111111111110000000000
00000000001111111110000000000000
00000000000111111100000000000000

00000000000011000000000000000000
00000000000111110000000000000000
00000000011111111100000000000000
00000000011111111110000000000000
00000000111111111111000000000000
00000001111111111111100000000000
00000001111111111111110000000000
00000001111111111111110000000000
00000011111100000111111000000000
00000011111100000011111000000000
00000001111100000000111100000000
00000001111100000000111100000000
00000001111100000000111100000000
00000001111000000000011110000000
00000001111000000000011110000000
00000001110000000000011110000000
00000011110000000000011111000000
00000011110000000000011111000000
00000011110000000000011111000000
00000011110000000000011111000000
00000011110000000000011111000000
00000011110000000000011111000000
00000011110000000000011110000000
00000001111000000000011111000000
00000001111000000011111110000000
00000000111100001111111110000000
00000000111111111111111110000000
00000000111111111111111100000000
00000000011111111111110000000000
00000000011111111111110000000000
00000000001111111111000000000000
00000000000001100000000000000000

00000000000111110000000000000000
00000000011111111000000000000000
00000000011111111110000000000000
00000000011111111110000000000000
00000000111111111110000000000000
00000001111111111111000000000000
00000000111111111111100000000000
00000000111111111111110000000000
00000000111111111111111000000000
00000001111111111111111100000000
00000001111111111111111000000000
00000011111111111111111000000000
00000001111111111111111000000000
00000001111111101111111000000000
00000001111111000011111110000000
00000001111110000001111110000000
00000001111100000000111110000000
00000011111100000000011110000000
00000001111100000000011110000000
00000011111100000000001110000000
00000001111100000000001111000000
00000001111100000000001111000000
00000001111100000000001111000000
00000011111000000000111110000000
00000001111100000001111100000000
00000001111100000011111100000000
00000001111111111111111100000000
00000001111111111111111100000000
00000001111111111111111000000000
00000000011111111111100000000000
00000000011111111111000000000000
00000000000001111000000000000000

00000000000000111100000000000000
00000000000011111100000000000000
00000000011111111111000000000000
00000000111111111111000000000000
00000000111111111111000000000000
00000001111111111111110000000000
00000011111111111111110000000000
00000011111111111111110000000000
00000011111111000011111000000000
00000011111111000011111100000000
00000011111111100001111110000000
00000011111110000000111111000000
00000011111000000000011110000000
00000011111000000000011111000000
00000011111000000000001111000000
00000011111000000000001111000000
00000011111000000000011111000000
00000011111000000000011110000000
00000011110000000000011110000000
00000011111000000000011110000000
00000011111000000000011110000000
00000001111000000000011110000000
00000001111000000000011110000000
00000000111100000000011111000000
00000000111111000000111111000000
00000000111111000001111110000000
00000000111111111111111100000000
00000000111111111111111100000000
00000000011111111111111000000000
00000000011111111111110000000000
00000000001111111111110000000000
00000000000000110000000000000000

00000000001000011111000000000000
00000000011111111111100000000000
00000000011111111111110000000000
00000000011111111111110000000000
00000000011111111111111000000000
00000000111111111111111000000000
00000000111111111001111000000000
00000000111111100000111000000000
00000000111110000000111100000000
00000001111100000000111100000000
00000001111000000000011110000000
00000001111000000000011110000000
00000001111000000000011110000000
00000001111000000000001111000000
00000011111000000000001111000000
00000011111000000000001111000000
00000001111000000000000111000000
00000001111000000000000111000000
00000001111000000000000111000000
00000001111000000000000111000000
00000000111000000000001111000000
00000000111000000000001111000000
00000000111000000000011110000000
00000000111000000000111110000000
00000000111100000011111110000000
00000000111110011111111110000000
00000000111111111111111100000000
00000000111111111111111100000000
00000000011111111111100000000000
00000000011111111111000000000000
00000000001111111100000000000000
00000000000010000000000000000000

00000000000001111000000000000000
00000000000011111100000000000000
00000000001111111100000000000000
00000000001111111110000000000000
00000000001111111110000000000000
00000000011111111111000000000000
00000000011111111111100000000000
00000000111111111111110000000000
00000000111111111111111000000000
00000000111111100011111000000000
00000000111111100001111100000000
00000001111110000000111111000000
00000001111100000000011111000000
00000001111100000000011111000000
00000001111000000000011111000000
00000001111000000000011111000000
00000000111000000000011111000000
00000001111000000000011110000000
00000011111000000000111110000000
00000001111000000000111110000000
00000001111000000000111110000000
00000011111000000000111110000000
00000001111100000000111110000000
00000000111110000000011111000000
00000000111110000000111111000000
00000000011111000011111111000000
00000000011111000111111110000000
00000000011111111111111110000000
00000000001111111111110000000000
00000000001111111111110000000000
00000000001111111111100000000000
00000000000111110000000000000000

00000000000011110000000000000000
00000000000011111110000000000000
00000000001111111111100000000000
00000000011111111111110000000000
00000000011111111111111000000000
00000000011111111111111100000000
00000000111111110011111110000000
00000000111111100000111110000000
00000001111111100000111111000000
00000001111011100000011111000000
00000001111000000000001111000000
00000011111000000000001111000000
00000011110000000000001111000000
00000011110000000000000111000000
00000011110000000000000111000000
00000011110000000000000111000000
00000011100000000000000111000000
00000011110000000000001110000000
00000011110000000000001110000000
00000011110000000000011110000000
00000001110000000000011110000000
00000001110000000000011100000000
00000001111000000000011100000000
00000001111000000001111100000000
00000000111100000011111000000000
00000000111110000111111000000000
00000000011111111111110000000000
00000000011111111111110000000000
00000000001111111111100000000000
00000000001111111111000000000000
00000000000111111000000000000000
00000000000000100000000000000000

00000000000000110000000000000000
00000000000011110000000000000000
00000000001111111000000000000000
00000000001111111100000000000000
00000000001111111111000000000000
00000000001111111111100000000000
00000000001111111111100000000000
00000000011111111111110000000000
00000000111111111111111000000000
00000000111111111111111000000000
00000000011111111111111100000000
00000000011111111111111100000000
00000000111111100001111110000000
00000000111110000000111110000000
00000001111110000000111110000000
00000001111110000000111110000000
00000001111100000000011110000000
00000001111100000000011110000000
00000011111100000000011110000000
00000001111000000000011110000000
00000011111000000000011110000000
00000011111000000000011111000000
00000001111000000000011111000000
00000000111100000000011111100000
00000000111110000000111111000000
00000000111110000001111111000000
00000000111111111111111111000000
00000000111111111111111110000000
00000000011111111111111100000000
00000000001111111111111000000000
00000000000111111111100000000000
00000000000011111110000000000000

00000000011100111000000000000000
00000000111111111100000000000000
00000000111111111111000000000000
00000000011111111111110000000000
00000000111111111111111000000000
00000000111111111111111100000000
00000000111111111111111100000000
00000001111111111111111100000000
00000001111111111111111110000000
00000001111111111110111110000000
00000001111110000000011111000000
00000001111100000000011111000000
00000011111100000000001111000000
00000011111100000000001111000000
00000011111100000000001111000000
00000011111000000000001111000000
00000011111000000000001111000000
00000011110000000000001111000000
00000011111000000000001111000000
00000011111000000000001111000000
00000011111000000000001111000000
00000011111000000000011111000000
00000011111000000000011110000000
00000011111000000000111100000000
00000001111100000011111100000000
00000001111110011111111100000000
00000001111111111111111000000000
00000001111111111111110000000000
00000000111111111111110000000000
00000000111111111111100000000000
00000000000111111111000000000000
00000000000011111110000000000000

00000000000000011100000000000000
00000000000000111110000000000000
00000000000011111111000000000000
00000000000011111111000000000000
00000000001111111111000000000000
00000000011111111111110000000000
00000000011111111111110000000000
00000011111111111111111000000000
00000111111111100011111000000000
00001111111110000001111000000000
00000111111111000000111110000000
00000011111111000000111110000000
00000011111111000000111110000000
00000011111111000000111110000000
00000001111111100000011111000000
00000001111111100000011111000000
00000000111111000000011110000000
00000000111111000000011110000000
00000000111111000000011110000000
00000000011111100000001111000000
00000000011111100000001111000000
00000000011111100000001111000000
00000000011111100000011111000000
00000000001111110000001111100000
00000000001111110001111111000000
00000000001111111111111110000000
00000000001111111111111110000000
00000000001111111111111110000000
00000000000011111111111110000000
00000000000011111111111100000000
00000000000001111111110000000000
00000000000000111111000000000000

00000000000011111000000000000000
00000000000011111110000000000000
00000000001111111111000000000000
00000000001111111111000000000000
00000011111111111111100000000000
00000011111111111111100000000000
00000011111111111111111000000000
00000111111111111111111000000000
00000111111111111111111000000000
00000011111111000011111000000000
00000011111111000000111100000000
00000011111110000000111100000000
00000011111100000000111100000000
00000011111100000000111110000000
00000001111110000000001111000000
00000001111110000000001111000000
00000001111110000000001111000000
00000011111100000000001111000000
00000011111100000000001111000000
00000001111100000000001111100000
00000001111100000000001111100000
00000001111100000000001111000000
00000001111100000000111111000000
00000000111110000000111111100000
00000000111110000111111111100000
00000000011111111111111111000000
00000000011111111111111110000000
00000000001111111111111111000000
00000000001111111111111110000000
00000000000111111111111100000000
00000000000011111111110000000000
00000000000000000000000000000000

00000000000000000000000000000000
00000000000000011111000000000000
00000000000001111111100000000000
00000000000111111111110000000000
00000000000111111111111000000000
00000000001111111111111000000000
00000000011111111111111000000000
00000000011111111111111000000000
00000000011111111111111000000000
00000000001111111100011100000000
00000000011111111000001100000000
00000000011111110000011100000000
00000000111111100000001100000000
00000000111111000000001100000000
00000000011111100000000110000000
00000000011111100000001110000000
00000000011111100000001110000000
00000000111111000000001110000000
00000000111110000000011110000000
00000000011111000000001110000000
00000000111111000000011110000000
00000000111111000000011100000000
00000000111110000000111100000000
00000000111111000011111000000000
00000000011111100001111100000000
00000000011111110011111100000000
00000000011111111111111100000000
00000000001111111111111000000000
00000000000111111111100000000000
00000000000000111111000000000000
00000000000000011000000000000000
00000000000000000000000000000000

00000000000000011111100000000000
00000000000111111111110000000000
00000000001111111111110000000000
00000000011111111111110000000000
00000000111111111111111000000000
00000001111111111111111000000000
00000011111111111111111100000000
00000011111111110000111110000000
00000011111111110000111110000000
00000011111111100000111110000000
00000111111111000000111110000000
00000011111111000000111110000000
00000011111110000000111110000000
00000001111110000000011111000000
00000001111110000000011111000000
00000011111110000000011111000000
00000011111100000000011111000000
00000011111000000000011111000000
00000011111000000000011111000000
00000011111000000000011110000000
00000001111100000000001111000000
00000001111100000000001111000000
00000001111100000000011111000000
00000001111100000000111111000000
00000001111100000000111111000000
00000001111100000001111110000000
00000000111111001111111110000000
00000000011111111111111110000000
00000000011111111111111100000000
00000000001111111111111000000000
00000000000111111111111000000000
00000000000011111111100000000000

00000000000000111110000000000000
00000000000011111111100000000000
00000000001111111111100000000000
00000000011111111111110000000000
00000000111111000011111000000000
00000000111100000001111100000000
00000000111100000000011110000000
00000001111100000000011110000000
00000111101110000000001110000000
00000011101110000000000110000000
00000011011110000000000110000000
00000000011110000000000110000000
00000000011110000000000110000000
00000000011110000000000011000000
00000000011110000000000011000000
00000000111100000000000011000000
00000000111100000000000011000000
00000000111000000000000011000000
00000001111000000000000011000000
00000001110000000000000111000000
00000000111100000000000011100000
00000000111000000000000011100000
00000000111000000000000111100000
00000000111000000000000111100000
00000000111000000000001110000000
00000000111100000000011110000000
00000000111100000000111110000000
00000000011110000000111110000000
00000000011111111111111110000000
00000000001111111111111000000000
00000000000111111111110000000000
00000000000011111110000000000000

00000000001110000000000000000000
00000000001111011110000000000000
00000000001111111111000000000000
00000000001111111111100000000000
00000000011111111111100000000000
00000000111111101001111000000000
00000000011111100000111100000000
00000000011111000000111100000000
00000000011110000000011100000000
00000000011110000000011100000000
00000000111110000000011100000000
00000001111110000000011100000000
00000001111100000000001100000000
00000000111110000000000110000000
00000000111100000000000111000000
00000001111100000000000110000000
00000001111000000000000110000000
00000001111000000000001110000000
00000001111000000000001110000000
00000011110000000000011110000000
00000001111000000000001111000000
00000001111000000000001111000000
00000001111000000000001110000000
00000001111000000000011100000000
00000001111100000000111100000000
00000001111110000011111100000000
00000000111110000011111000000000
00000000011111111111111000000000
00000000001111111111110000000000
00000000001111111111100000000000
00000000000111111110000000000000
00000000000001111000000000000000

00000000000111000011110000000000
00000000000111101111110000000000
00000000001111111111111100000000
00000000000111111111111110000000
00000000001111111111111110000000
00000000001111111100000111000000
00000000001111111000000111000000
00000000011111110000000111000000
00000000111111000000000111000000
00000000111110000000000011000000
00000000111110000000000011000000
00000000111100000000000011000000
00000001111100000000000111000000
00000001111000000000000111000000
00000001111000000000000111000000
00000001110000000000000111000000
00000001110000000000000111000000
00000001110000000000000110000000
00000001110000000000001110000000
00000001110000000000001110000000
00000011110000000000001110000000
00000001110000000000011110000000
00000001110000000000011100000000
00000001110000000000111000000000
00000001111000000001111000000000
00000000111000000011110000000000
00000000111110001111110000000000
00000000111111111111100000000000
00000000001111111111000000000000
00000000001111111110000000000000
00000000000011111110000000000000
00000000000000111000000000000000

00000000000000001100000000000000
00000000000000111111000000000000
00000000000111111111100000000000
00000000011111111111110000000000
00000000111111111111110000000000
00000000111111111111111000000000
00000000111111000011111100000000
00000000111110000000011100000000
00000001111100000000011100000000
00000001111000000000011110000000
00000001111000000000001110000000
00000001110000000000001110000000
00000011110000000000001110000000
00000001111000000000000110000000
00000001111000000000001110000000
00000001111000000000001110000000
00000001110000000000001110000000
00000001110000000000001110000000
00000011110000000000011110000000
00000011110000000000011110000000
00000001110000000000001110000000
00000001110000000000001110000000
00000001110000000000011110000000
00000000111000000000011100000000
00000000111100000001111100000000
00000000111110000011111000000000
00000000011111111111111000000000
00000000001111111111111000000000
00000000000111111111110000000000
00000000000111111111100000000000
00000000000001111110000000000000
00000000000001111000000000000000

00000000000011111110000000000000
00000000000111111111000000000000
00000000011111111111110000000000
00000000111111111111111000000000
00000001111111110011111000000000
00000011111111110011111100000000
00000011111111100001111110000000
00000011111111100000111110000000
00000111111111000000011110000000
00000111111111000000011111000000
00000011111111000000001111100000
00000011111111000000000111100000
00000011111110000000000111100000
00000011111110000000000111100000
00000111111110000000000111100000
00000111111100000000000111100000
00000111111100000000000111100000
00000011111100000000000111100000
00000011111000000000001111100000
00000011111000000000001111100000
00000011111000000000011111000000
00000011111000000000011111000000
00000011111000000000111110000000
00000001111100000000111111000000
00000001111100000001111110000000
00000001111110000111111100000000
00000000111111011111111000000000
00000000111111111111111000000000
00000000111111111111110000000000
00000000011111111111100000000000
00000000001111111111000000000000
00000000000111111000000000000000

00000000000011110000000000000000
00000000000111111110000000000000
00000000000111111111000000000000
00000011111111111111000000000000
00000111111111111111100000000000
00000011111111100111111000000000
00000011111110000011111000000000
00000011111100000001111000000000
00000001111000000000011100000000
00000011111000000000011100000000
00000011110000000000011100000000
00000011111000000000001110000000
00000011111000000000001110000000
00000011111000000000001110000000
00000111111000000000001110000000
00000001111100000000000111000000
00000011111000000000000111000000
00000011111000000000001110000000
00000001111100000000001111000000
00000001111000000000011111000000
00000001111000000000011110000000
00000001111000000000111110000000
00000000111100000000011110000000
00000000111100000000111110000000
00000000111100000011111100000000
00000000011110000011111000000000
00000000011111001111111000000000
00000000001111111111110000000000
00000000000111111111110000000000
00000000000111111111110000000000
00000000000001111110000000000000
00000000000000111110000000000000

00000000000000000011000000000000
00000000000000001111110000000000
00000000000111111111111000000000
00000000001111111111111100000000
00000000001111111111111100000000
00000000011111111100111110000000
00000000011111110000011110000000
00000000011111000000001110000000
00000000111110000000001110000000
00000001111100000000001110000000
00000001111110000000000111000000
00000001111110000000000111000000
00000001111100000000001111000000
00000001111100000000001110000000
00000011111100000000001110000000
00000011111000000000001110000000
00000001111000000000001110000000
00000001111000000000011100000000
00000001111000000000011100000000
00000001111000000000111000000000
00000000111000000001111000000000
00000001111000000001110000000000
00000000111000000001110000000000
00000000011100000001111000000000
00000000011110000011110000000000
00000000001111001111110000000000
00000000001111111111100000000000
00000000001111111111000000000000
00000000000111111110000000000000
00000000000111111110000000000000
00000000000011111000000000000000
00000000000000010000000000000000

00000000000011111111000000000000
00000000000111111111100000000000
00000000001111111111110000000000
00000000001111111111111000000000
00000000011111111111111000000000
00000000111111111111111100000000
00000000111111100001111100000000
00000001111111000001111110000000
00000001111111000000111110000000
00000011111111000000111110000000
00000001111111100000001111000000
00000001111111000000001111100000
00000011111000000000001111100000
00000011111000000000001111100000
00000011111000000000001111100000
00000011110000000000000111100000
00000111110000000000000111100000
00000111110000000000000111100000
00000111110000000000000111100000
00000111111000000000000111100000
00000111111000000000000111100000
00000111111000000000001111100000
00000011111000000000001111100000
00000001111100000000000111110000
00000001111110000000000111100000
00000000111111000000001111100000
00000000111111100000111111100000
00000000011111111111111111000000
00000000011111111111111110000000
00000000001111111111111100000000
00000000000111111111111000000000
00000000000011111111110000000000

00000000000000000000000000000000
00000000000111111100000000000000
00000000000111111110000000000000
00000000001111111111000000000000
00000000000111111111100000000000
00000000001111110011110000000000
00000000001111110011111000000000
00000000011111100001111000000000
00000000011111100000111100000000
00000000111111000000011100000000
00000000111110000000011110000000
00000000111100000000001110000000
00000000111000000000001110000000
00000001111000000000001111000000
00000001111000000000001111000000
00000001111000000000001111000000
00000001111000000000001111000000
00000011111000000000000111000000
00000011110000000000000111000000
00000011111000000000000111000000
00000011111000000000000111000000
00000001111000000000001111000000
00000011111000000000001111000000
00000001111000000000001111000000
00000001111100000000011111000000
00000001111110000000111110000000
00000001111111000001111110000000
00000000111111111111111100000000
00000000111111111111111000000000
00000000000111111111111000000000
00000000000011111111110000000000
00000000000000011000000000000000

00000000000000011000000000000000
00000000000001111111000000000000
00000000000111111111000000000000
00000000001111111111100000000000
00000000011111111111100000000000
00000000011111110111110000000000
00000000111111000011110000000000
00000001111110000001111000000000
00000001111110000000111000000000
00000001111100000000111000000000
00000001111110000000011110000000
00000001111110000000011110000000
00000001111110000000011110000000
00000001111000000000001110000000
00000001111000000000001111000000
00000001111000000000001111000000
00000001111000000000001111000000
00000011111000000000000111000000
00000001111000000000000111000000
00000011111000000000000111000000
00000001111000000000000111000000
00000001111000000000000111000000
00000001111000000000000111000000
00000000111100000000000111100000
00000000111110000000001111100000
00000000111110000000011111000000
00000000111111000000111111000000
00000000011111111111111110000000
00000000011111111111111100000000
00000000000111111111111000000000
00000000000111111111110000000000
00000000000001111110000000000000

00000000000011111111000000000000
00000000000111111111100000000000
00000000001111111111100000000000
00000000111111111111110000000000
00000001111111111111111000000000
00000001111111111011111000000000
00000001111111110001111000000000
00000011111001100000111100000000
00000011111000000000111110000000
00000011111000000000111110000000
00000011111000000000001111000000
00000011111000000000001111000000
00000011110000000000001111100000
00000011110000000000001111100000
00000011110000000000000111100000
00000011110000000000000111100000
00000111110000000000000111100000
00000111110000000000000111100000
00000111110000000000000111100000
00000111110000000000000111100000
00000011110000000000000111100000
00000111110000000000001111100000
00000011110000000000001111000000
00000001111100000000001111100000
00000001111100000000001111100000
00000001111110000000111111000000
00000000111111001001111110000000
00000000111111111111111110000000
00000000011111111111111100000000
00000000001111111111111000000000
00000000000111111111100000000000
00000000000001111110000000000000

00000000000000001110000000000000
00000000000000111111100000000000
00000000000011111111110000000000
00000000000011111111111000000000
00000000000111111111111000000000
00000000001111111111111000000000
00000000001111111000011110000000
00000000001111111000011110000000
00000000011111111000011110000000
00000000111110000000011110000000
00000000111100000000011110000000
00000001111100000000001110000000
00000001111000000000001110000000
00000000111100000000000111000000
00000001111100000000000110000000
00000001111000000000000111000000
00000001111000000000000111000000
00000011111000000000000011000000
00000011110000000000000111000000
00000011110000000000000111000000
00000001111000000000000111100000
00000001111000000000000111100000
00000001111000000000000111100000
00000001111000000000000111000000
00000000111100000000001111000000
00000000111100000000001111000000
00000000111110000000011111000000
00000000011111100000011111000000
00000000001111110001111110000000
00000000000011111111111100000000
00000000000001111111111000000000
00000000000000011111110000000000

00000000000000001111000000000000
00000000000000011111100000000000
00000000000001111111110000000000
00000000000011111111110000000000
00000000000111111111111000000000
00000000001111111101111000000000
00000000011111100000111100000000
00000000011111000000111100000000
00000000111110000000011100000000
00000000111100000000011100000000
00000000011110000000001111000000
00000000111100000000000111000000
00000000111100000000000111000000
00000001111000000000000111000000
00000001111000000000000111000000
00000001111000000000000111000000
00000000110000000000000111000000
00000001100000000000000111000000
00000001110000000000000111000000
00000011110000000000000111000000
00000001110000000000000111000000
00000001111000000000000111000000
00000001111000000000000111000000
00000000111100000000000111100000
00000000111110000000000111100000
00000000011111000000000111000000
00000000011111100000001111000000
00000000000111111000011111000000
00000000000111111111111111000000
00000000000001111111111110000000
00000000000000111111111100000000
00000000000000000111110000000000

00000000000000011100000000000000
00000000000000011110000000000000
00000000000111111110000000000000
00000000001111111111000000000000
00000000001111111111100000000000
00000000011111111111110000000000
00000000001111111111111100000000
00000000001111111111111100000000
00000000011111111001111100000000
00000000011111100000111110000000
00000000111111100000111110000000
00000000111111000000011110000000
00000001111111000000011110000000
00000000111111100000001111000000
00000000111111000000001111000000
00000000111111000000001111000000
00000001111110000000001111000000
00000001111100000000001111000000
00000001111100000000001111000000
00000001111000000000001111000000
00000000111100000000000111100000
00000001111100000000001111100000
00000001111100000000001111100000
00000001111100000000001111000000
00000001111110000000011111000000
00000001111110000001111111000000
00000000111111111111111110000000
00000000011111111111111110000000
00000000001111111111111000000000
00000000000111111111111000000000
00000000000011111111100000000000
00000000000001111110000000000000

00000000000001111100000000000000
00000000000011111111000000000000
00000000000111111111100000000000
00000001110011111111111000000000
00000001111011111111111000000000
00000001111111111111111000000000
00000011111111111111111100000000
00000011110011110011111100000000
00000011110011110011111100000000
00000011110011100000111110000000
00000111100011000000011110000000
00000111100000000000011110000000
00000011100000000000001111000000
00000011100000000000001111000000
00000011100000000000001111000000
00000011100000000000000111000000
00000011100000000000001111000000
00000011100000000000001111000000
00000011110000000000001111000000
00000001110000000000001111000000
00000001110000000000011110000000
00000000111100000000011111000000
00000000111100000000011110000000
00000000011110000000111110000000
00000000011110000000111110000000
00000000011111000001111100000000
00000000001111111111111100000000
00000000001111111111111000000000
00000000000111111111111000000000
00000000000111111111100000000000
00000000000001111111110000000000
00000000000000011111000000000000

00000000000000000000000000000000
00000000011111000000000000000000
00000000011111111110000000000000
00000000111111111111000000000000
00000000011111111111100000000000
00000000011111111111111000000000
00000000011111111111111100000000
00000000111111111111111110000000
00000000111111111111111110000000
00000001111111111001111111000000
00000001111111110000111111000000
00000001111111000000011111000000
00000001111111000000011111000000
00000001111000000000000111000000
00000011111000000000000111000000
00000011110000000000011111000000
00000001110000000000011111000000
00000001110000000000011111000000
00000001110000000000111111000000
00000001110000000001111110000000
00000001110000000001111110000000
00000001110000000001111100000000
00000001111000000111111100000000
00000001111000000111111000000000
00000001111100111111111000000000
00000001111111111111100000000000
00000000111111111111000000000000
00000000111111111110000000000000
00000000111111111110000000000000
00000000011111111110000000000000
00000000001111111100000000000000
00000000000111111000000000000000

00000000000100000000000000000000
00000000000111000000000000000000
00000000001111100000000000000000
00000000001111110000000000000000
00000000001111111100000000000000
00000000000111111110000000000000
00000000000111111110000000000000
00000000000111111111000000000000
00000000000110111111100000000000
00000001000000001111110000000000
00000001110000000111111100000000
00000011110000000011111100000000
00000011111000000001111100000000
00000011110000000000111110000000
00000001111000000000011111000000
00000001111000000000011111000000
00000001111000000000011111000000
00000001111000000000001111000000
00000001111000000000001111000000
00000000111100000000000111100000
00000000111100000000000111100000
00000000111100000000011111100000
00000000111100000011111111100000
00000000011110000111111111100000
00000000011110011111111111000000
00000000111111111111111111000000
00000000111111111111111000000000
00000000111111111111111000000000
00000000001111111111110000000000
00000000001111111111000000000000
00000000000111111100000000000000
00000000000011110000000000000000

00000000001100000000000000000000
00000000011100000001000000000000
00000000011110000111111000000000
00000000011110011111111100000000
00000000011110011111111110000000
00000000111110111111111111000000
00000001111101111111111111000000
00000000111101111111111111000000
00000000111101111111111111000000
00000000111101000001111111000000
00000000111100000000011111100000
00000000111100000000001111100000
00000000111100000000001111100000
00000001111000000000001111000000
00000001111000000000001111000000
00000001111000000000001111000000
00000001111000000000001111000000
00000001111000000000001111000000
00000001111000000000001111000000
00000011111100000000001111000000
00000011111000000000111110000000
00000011111000000001111110000000
00000001111000000011111100000000
00000001111100001111111100000000
00000001111100001111111100000000
00000001111111111111111000000000
00000000111111111111110000000000
00000000111111111111100000000000
00000000111111111111000000000000
00000000011111111100000000000000
00000000001111111100000000000000
00000000000001000000000000000000

00000000000001110000000000000000
00000000000011111000000000000000
00000000000111111100000000000000
00000000011111111110000000000000
00000000111111111111000000000000
00000000111111111111100000000000
00000001111111111111110000000000
00000011111111111111110000000000
00000001111111111111111000000000
00000011111000000011111000000000
00000011110000000001111100000000
00000011110000000001111110000000
00000011110000000000111110000000
00000011110000000000111110000000
00000001111000000000011111000000
00000011111000000000011111000000
00000011111000000000011111000000
00000011110000000000011111000000
00000011110000000000011111000000
00000001111000000000001111100000
00000000111000000000001111100000
00000001111000000000001111100000
00000000111100000000001111000000
00000001111100000000011111000000
00000000111100000000011110000000
00000000011111000001111111000000
00000000011111111111111111000000
00000000001111111111111110000000
00000000000111111111111000000000
00000000000111111111110000000000
00000000000001111111110000000000
00000000000000111111000000000000

00000000001000000001100000000000
00000000001100000011110000000000
00000000001100000011110000000000
00000000011100000111110000000000
00000000111110000111111100000000
00000000111110000111111100000000
00000000111110001111111110000000
00000000111110000111111110000000
00000000111110000111111111000000
00000000111110000111111111000000
00000001111000000001111110000000
00000001111000000000111110000000
00000001111000000000111110000000
00000011111000000000011111000000
00000011111000000000011111000000
00000011111000000000011111000000
00000011111000000000011111000000
00000001111000000000011111000000
00000001111000000000011111000000
00000001111100000000011111000000
00000001111100000000011111000000
00000001111100000000111111000000
00000001111111111001111111000000
00000011111111110011111110000000
00000011111111111111111110000000
00000001111111111111111100000000
00000000111111111111111100000000
00000000111111111111111100000000
00000000011111111111111000000000
00000000001111111110000000000000
00000000001111111110000000000000
00000000000001100000000000000000

00000000000000001110000000000000
00000000000000111111100000000000
00000000011101111111110000000000
00000000111111111111111000000000
00000000111111111111111100000000
00000000111111111111111110000000
00000001111111111111111110000000
00000001111111111111111110000000
00000001111111110001111111000000
00000011111101110000111111000000
00000011111100100000011111000000
00000011111000000000001111000000
00000011111000000000001111000000
00000011111000000000001111000000
00000011110000000000001111000000
00000011110000000000001111000000
00000011110000000000001111000000
00000011110000000000001111000000
00000011110000000000001111000000
00000011111000000000001111000000
00000011111000000000011111000000
00000011111000000000111110000000
00000011111100000001111110000000
00000001111100000011111110000000
00000001111110101111111110000000
00000001111111111111111100000000
00000000111111111111111000000000
00000000111111111111110000000000
00000000111111111111000000000000
00000000011111111110000000000000
00000000000111111000000000000000
00000000000001000000000000000000

00000000000000111110000000000000
00000000000011111111100000000000
00000000000111111111111000000000
00000000011111111111110000000000
00000000111111111111111000000000
00000000111111111111111000000000
00000001111111111111111100000000
00000001111100000111111100000000
00000001111000000000111110000000
00000011110000000000111110000000
00000011110000000000001110000000
00000011110000000000001110000000
00000011100000000000001110000000
00000011100000000000001111000000
00000011110000000000000111000000
00000011110000000000000111000000
00000011110000000000000111000000
00000001110000000000000111000000
00000001110000000000000111000000
00000001110000000000000111000000
00000001111000000000000111000000
00000001111000000000001111000000
00000000111100000000001111000000
00000000111110000000001110000000
00000000111111111111111110000000
00000000011111111111111110000000
00000000011111111111111100000000
00000000001111111111111100000000
00000000000111111111111000000000
00000000000111111111111000000000
00000000000001111111100000000000
00000000000000001110100000000000

00000000000001111000000000000000
00000000000111111111000000000000
00000000000111111111000000000000
00000000011111111111110000000000
00000000111111111111111100000000
00000001111111111111111100000000
00000001111111111111111100000000
00000001111111111111111100000000
00000011111110000011111110000000
00000011100000000001111111000000
00000011100000000000011111000000
00000011100000000000011111000000
00000011000000000000001111000000
00000000000000000000000111000000
00000000000000000000000111000000
00000001100000000000000111000000
00000001100000000000000111000000
00000011110000000000000111000000
00000001111000000000000111000000
00000001111100000000001111000000
00000001111111000000011111000000
00000001111111000000011111000000
00000001111111111111111111000000
00000000111111111111111111000000
00000000111111111111111111000000
00000000111111111111111111000000
00000000011111111111111110000000
00000000001111111111111100000000
00000000000111111111111100000000
00000000000111111111111000000000
00000000000111111111111000000000
00000000000000111111000000000000

00000000000000011110000000000000
00000000000001111111000000000000
00000000000011111111100000000000
00000000000011111111111000000000
00000000000111111111111100000000
00000000000111111111111100000000
00000000001110000000111100000000
00000000011100000000011100000000
00000000111000000000011110000000
00000000111000000000001110000000
00000001111000000000001110000000
00000001111000000000001110000000
00000001111100000000000111000000
00000001111000000000000111000000
00000001110000000000000111000000
00000011110000000000000111000000
00000011100000000000000111000000
00000011100000000000001111000000
00000011100000000000001110000000
00000011100000000000011110000000
00000011100000000000011110000000
00000000111000000000011111000000
00000000111100000000111110000000
00000000111100000001111110000000
00000000111111101111111110000000
00000000011111111111111100000000
00000000011111111111111000000000
00000000011111111111100000000000
00000000001111111111100000000000
00000000000011111111000000000000
00000000000000011111000000000000
00000000000000010000000000000000

00000000000000011110000000000000
00000000000000111111000000000000
00000000000011111111000000000000
00000000000111111111110000000000
00000000000111111111110000000000
00000000000111111111110000000000
00000111001111111111110000000000
00000111001111111111111000000000
00000011100111111110111110000000
00000011111111110000111110000000
00000011111111100000011110000000
00000011111111000000001110000000
00000111111100000000001110000000
00000011111100000000001110000000
00000001111110000000000111000000
00000001111100000000000111000000
00000001111100000000000111000000
00000001110000000000000111000000
00000001110000000000001111000000
00000000111100000000001111100000
00000000111110000000001111100000
00000000111110000000011111100000
00000000011110000000111111100000
00000000011111000011111111100000
00000000001111111111111111000000
00000000000111111111111111000000
00000000000011111111111111000000
00000000000011111111111111000000
00000000000011111111111110000000
00000000000011111111111110000000
00000000000000011111111100000000
00000000000000001111100000000000

